frame,pupil_norm
1,-7.469440485725533
2,-7.469440485725533
3,-7.469440485725533
4,-7.469440485725533
5,-7.469440485725533
6,-7.469440485725533
7,-7.469440485725533
8,-7.469440485725533
9,-7.469440485725533
10,-7.469440485725533
11,-7.469440485725533
12,-7.469440485725533
13,-7.469440485725533
14,-7.469440485725533
15,-7.469440485725533
16,-7.469440485725533
17,-7.469440485725533
18,-7.469440485725533
19,-7.469440485725533
20,-7.469440485725533
21,-7.469440485725533
22,-7.469440485725533
23,-7.469440485725533
24,-7.469440485725533
25,-7.469440485725533
26,-7.469440485725533
27,-7.469440485725533
28,-7.469440485725533
29,-7.469440485725533
30,-7.469440485725533
31,-7.469440485725533
32,-7.469440485725533
33,-7.469440485725533
34,-7.469440485725533
35,-7.469440485725533
36,-7.469440485725533
37,-7.469440485725533
38,-7.469440485725533
39,-7.469440485725533
40,-7.469440485725533
41,-7.469440485725533
42,-7.469440485725533
43,-7.469440485725533
44,-7.469440485725533
45,-7.469440485725533
46,-7.469440485725533
47,-7.469440485725533
48,-7.469440485725533
49,-7.469440485725533
50,-7.469440485725533
51,-7.469440485725533
52,-7.469440485725533
53,-7.469440485725533
54,-7.469440485725533
55,-7.469440485725533
56,-7.469440485725533
57,-7.469440485725533
58,-7.469440485725533
59,-7.469440485725533
60,-7.469440485725533
61,-7.469440485725533
62,-7.469440485725533
63,-7.469440485725533
64,-7.469440485725533
65,-7.469440485725533
66,-7.469440485725533
67,-7.469440485725533
68,-7.469440485725533
69,-7.469440485725533
70,-7.469440485725533
71,-7.469440485725533
72,-7.469440485725533
73,-7.469440485725533
74,-7.469440485725533
75,-7.469440485725533
76,-7.469440485725533
77,-7.469440485725533
78,-7.469440485725533
79,-7.469440485725533
80,-7.469440485725533
81,-7.469440485725533
82,-7.469440485725533
83,-7.469440485725533
84,-7.469440485725533
85,-7.469440485725533
86,-7.469440485725533
87,-7.469440485725533
88,-7.469440485725533
89,-7.469440485725533
90,-7.469440485725533
91,-7.469440485725533
92,-7.469440485725533
93,-7.469440485725533
94,-7.469440485725533
95,-7.469440485725533
96,-7.469440485725533
97,-7.469440485725533
98,-7.469440485725533
99,-7.469440485725533
100,-7.469440485725533
101,-7.469440485725533
102,-7.469440485725533
103,-7.469440485725533
104,-7.469440485725533
105,-7.469440485725533
106,-7.469440485725533
107,-7.469440485725533
108,-7.469440485725533
109,-7.469440485725533
110,-7.469440485725533
111,-7.469440485725533
112,-7.469440485725533
113,-7.469440485725533
114,-7.469440485725533
115,-7.469440485725533
116,-7.469440485725533
117,-7.469440485725533
118,-7.469440485725533
119,-7.469440485725533
120,-7.469440485725533
121,-7.469440485725533
122,-7.469440485725533
123,-7.469440485725533
124,-7.469440485725533
125,-7.469440485725533
126,-7.469440485725533
127,-7.469440485725533
128,-7.469440485725533
129,-7.469440485725533
130,-7.469440485725533
131,-7.469440485725533
132,-7.469440485725533
133,-7.469440485725533
134,-7.469440485725533
135,-7.469440485725533
136,-7.469440485725533
137,-7.469440485725533
138,-7.469440485725533
139,-7.469440485725533
140,-7.469440485725533
141,-7.469440485725533
142,-7.469440485725533
143,-7.469440485725533
144,-7.469440485725533
145,-7.469440485725533
146,-7.469440485725533
147,-7.469440485725533
148,-7.469440485725533
149,-7.469440485725533
150,-7.469440485725533
151,-7.469440485725533
152,-7.469440485725533
153,-7.469440485725533
154,-7.469440485725533
155,-7.469440485725533
156,-7.469440485725533
157,-7.469440485725533
158,-7.469440485725533
159,-7.469440485725533
160,-7.469440485725533
161,-7.469440485725533
162,-7.469440485725533
163,-7.469440485725533
164,-7.469440485725533
165,-7.469440485725533
166,-7.469440485725533
167,-7.469440485725533
168,-7.469440485725533
169,-7.469440485725533
170,-7.469440485725533
171,-7.469440485725533
172,-7.469440485725533
173,-7.469440485725533
174,-7.469440485725533
175,-7.469440485725533
176,-7.469440485725533
177,-7.469440485725533
178,-7.469440485725533
179,-7.469440485725533
180,-7.469440485725533
181,-7.469440485725533
182,-7.469440485725533
183,-7.469440485725533
184,-7.469440485725533
185,-7.469440485725533
186,-7.469440485725533
187,-7.469440485725533
188,-7.469440485725533
189,-7.469440485725533
190,-7.469440485725533
191,-7.469440485725533
192,-7.469440485725533
193,-7.469440485725533
194,-7.469440485725533
195,-7.469440485725533
196,-7.469440485725533
197,-7.469440485725533
198,-7.469440485725533
199,-7.469440485725533
200,-7.469440485725533
201,-7.469440485725533
202,-7.469440485725533
203,-7.469440485725533
204,-7.469440485725533
205,-7.469440485725533
206,-7.469440485725533
207,-7.469440485725533
208,-7.469440485725533
209,-7.469440485725533
210,-7.469440485725533
211,-7.469440485725533
212,-7.469440485725533
213,-7.469440485725533
214,-7.469440485725533
215,-7.469440485725533
216,-7.469440485725533
217,-7.469440485725533
218,-7.469440485725533
219,-7.469440485725533
220,-7.469440485725533
221,-7.469440485725533
222,-7.469440485725533
223,-7.469440485725533
224,-7.469440485725533
225,-7.469440485725533
226,-7.469440485725533
227,-7.469440485725533
228,-7.469440485725533
229,-7.469440485725533
230,-7.469440485725533
231,-7.469440485725533
232,-7.469440485725533
233,-7.469440485725533
234,-7.469440485725533
235,-7.469440485725533
236,-7.469440485725533
237,-7.469440485725533
238,-7.469440485725533
239,-7.469440485725533
240,-7.469440485725533
241,-7.469440485725533
242,-7.469440485725533
243,-7.469440485725533
244,-7.469440485725533
245,-7.469440485725533
246,-7.469440485725533
247,-7.469440485725533
248,-7.469440485725533
249,-7.469440485725533
250,-7.469440485725533
251,-7.469440485725533
252,-7.469440485725533
253,-7.469440485725533
254,-7.469440485725533
255,-7.469440485725533
256,-7.469440485725533
257,-7.469440485725533
258,-7.469440485725533
259,-7.469440485725533
260,-7.469440485725533
261,-7.469440485725533
262,-7.469440485725533
263,-7.469440485725533
264,-7.469440485725533
265,-7.469440485725533
266,-7.469440485725533
267,-7.469440485725533
268,-7.469440485725533
269,-7.469440485725533
270,-7.469440485725533
271,-7.469440485725533
272,-7.469440485725533
273,-7.469440485725533
274,-7.469440485725533
275,-7.469440485725533
276,-7.469440485725533
277,-7.469440485725533
278,-7.469440485725533
279,-7.469440485725533
280,-7.469440485725533
281,-7.469440485725533
282,-7.469440485725533
283,-7.469440485725533
284,-7.469440485725533
285,-7.469440485725533
286,-7.469440485725533
287,-7.469440485725533
288,-7.469440485725533
289,-7.469440485725533
290,-7.469440485725533
291,-7.469440485725533
292,-7.469440485725533
293,-7.469440485725533
294,-7.469440485725533
295,-7.469440485725533
296,-7.469440485725533
297,-7.469440485725533
298,-7.469440485725533
299,-7.469440485725533
300,-7.469440485725533
301,-7.469440485725533
302,-7.469440485725533
303,-7.469440485725533
304,-7.469440485725533
305,-7.469440485725533
306,-7.469440485725533
307,-7.469440485725533
308,-7.469440485725533
309,-7.469440485725533
310,-7.469440485725533
311,-7.469440485725533
312,-7.469440485725533
313,-7.469440485725533
314,-7.469440485725533
315,-7.469440485725533
316,-7.469440485725533
317,-7.469440485725533
318,-7.469440485725533
319,-7.469440485725533
320,-7.469440485725533
321,-7.469440485725533
322,-7.469440485725533
323,-7.469440485725533
324,-7.469440485725533
325,-7.469440485725533
326,-7.469440485725533
327,-7.469440485725533
328,-7.469440485725533
329,-7.469440485725533
330,-7.469440485725533
331,-7.469440485725533
332,-7.469440485725533
333,-7.469440485725533
334,-7.469440485725533
335,-7.469440485725533
336,-7.469440485725533
337,-7.469440485725533
338,-7.469440485725533
339,-7.469440485725533
340,-7.469440485725533
341,-7.469440485725533
342,-7.469440485725533
343,-7.469440485725533
344,-7.469440485725533
345,-7.469440485725533
346,-7.469440485725533
347,-7.469440485725533
348,-7.469440485725533
349,-7.469440485725533
350,-7.469440485725533
351,-7.469440485725533
352,-7.469440485725533
353,-7.469440485725533
354,-7.469440485725533
355,-7.469440485725533
356,-7.469440485725533
357,-7.469440485725533
358,-7.469440485725533
359,-7.469440485725533
360,-7.469440485725533
361,-7.469440485725533
362,-7.469440485725533
363,-7.469440485725533
364,-7.469440485725533
365,-7.469440485725533
366,-7.469440485725533
367,-7.469440485725533
368,-7.469440485725533
369,-7.469440485725533
370,-7.469440485725533
371,-7.469440485725533
372,-7.469440485725533
373,-7.469440485725533
374,-7.469440485725533
375,-7.469440485725533
376,-7.469440485725533
377,-7.469440485725533
378,-7.469440485725533
379,-7.469440485725533
380,-7.469440485725533
381,-7.469440485725533
382,-7.469440485725533
383,-7.469440485725533
384,-7.469440485725533
385,-7.469440485725533
386,-7.469440485725533
387,-7.469440485725533
388,-7.469440485725533
389,-7.469440485725533
390,-7.469440485725533
391,-7.469440485725533
392,-7.469440485725533
393,-7.469440485725533
394,-7.469440485725533
395,-7.469440485725533
396,-7.469440485725533
397,-7.469440485725533
398,-7.469440485725533
399,-7.469440485725533
400,-7.469440485725533
401,-7.469440485725533
402,-7.469440485725533
403,-7.469440485725533
404,-7.469440485725533
405,-7.469440485725533
406,-7.469440485725533
407,-7.469440485725533
408,-7.469440485725533
409,-7.469440485725533
410,-7.469440485725533
411,-7.469440485725533
412,-7.469440485725533
413,-7.469440485725533
414,-7.469440485725533
415,-7.469440485725533
416,-7.469440485725533
417,-7.469440485725533
418,-7.469440485725533
419,-7.469440485725533
420,-7.469440485725533
421,-7.469440485725533
422,-7.469440485725533
423,-7.469440485725533
424,-7.469440485725533
425,-7.469440485725533
426,-7.469440485725533
427,-7.469440485725533
428,-7.469440485725533
429,-7.469440485725533
430,-7.469440485725533
431,-7.469440485725533
432,-7.469440485725533
433,-7.469440485725533
434,-7.469440485725533
435,-7.469440485725533
436,-7.469440485725533
437,-7.469440485725533
438,-7.469440485725533
439,-7.469440485725533
440,-7.469440485725533
441,-7.469440485725533
442,-7.469440485725533
443,-7.469440485725533
444,-7.469440485725533
445,-7.469440485725533
446,-7.469440485725533
447,-7.469440485725533
448,-7.469440485725533
449,-7.469440485725533
450,-7.469440485725533
451,-7.469440485725533
452,-7.469440485725533
453,-7.469440485725533
454,-7.469440485725533
455,-7.469440485725533
456,-7.469440485725533
457,-7.469440485725533
458,-7.469440485725533
459,-7.469440485725533
460,-7.469440485725533
461,-7.469440485725533
462,-7.469440485725533
463,-7.469440485725533
464,-7.469440485725533
465,-7.469440485725533
466,-7.469440485725533
467,-7.469440485725533
468,-7.469440485725533
469,-7.469440485725533
470,-7.469440485725533
471,-7.469440485725533
472,-7.469440485725533
473,-7.469440485725533
474,-7.469440485725533
475,-7.469440485725533
476,-7.469440485725533
477,-7.469440485725533
478,-7.469440485725533
479,-7.469440485725533
480,-7.469440485725533
481,-7.469440485725533
482,-7.469440485725533
483,-7.469440485725533
484,-7.469440485725533
485,-7.469440485725533
486,-7.469440485725533
487,-7.469440485725533
488,-7.469440485725533
489,-7.469440485725533
490,-7.469440485725533
491,-7.469440485725533
492,-7.469440485725533
493,-7.469440485725533
494,-7.469440485725533
495,-7.469440485725533
496,-7.469440485725533
497,-7.469440485725533
498,-7.469440485725533
499,-7.469440485725533
500,-7.469440485725533
501,-7.469440485725533
502,-7.469440485725533
503,-7.469440485725533
504,-7.469440485725533
505,-7.469440485725533
506,-7.469440485725533
507,-7.469440485725533
508,-7.469440485725533
509,-7.469440485725533
510,-7.469440485725533
511,-7.469440485725533
512,-7.469440485725533
513,-7.469440485725533
514,-7.469440485725533
515,-7.469440485725533
516,-7.469440485725533
517,-7.469440485725533
518,-7.469440485725533
519,-7.469440485725533
520,-7.469440485725533
521,-7.469440485725533
522,-7.469440485725533
523,-7.469440485725533
524,-7.469440485725533
525,-7.469440485725533
526,-7.469440485725533
527,-7.469440485725533
528,-7.469440485725533
529,-7.469440485725533
530,-7.469440485725533
531,-7.469440485725533
532,-7.469440485725533
533,-7.469440485725533
534,-7.469440485725533
535,-7.469440485725533
536,-7.469440485725533
537,-7.469440485725533
538,-7.469440485725533
539,-7.469440485725533
540,-7.469440485725533
541,-7.469440485725533
542,-7.469440485725533
543,-7.469440485725533
544,-7.469440485725533
545,-7.469440485725533
546,-7.469440485725533
547,-7.469440485725533
548,-7.469440485725533
549,-7.469440485725533
550,-7.469440485725533
551,-7.469440485725533
552,-7.469440485725533
553,-7.469440485725533
554,-7.469440485725533
555,-7.469440485725533
556,-7.469440485725533
557,-7.469440485725533
558,-7.469440485725533
559,-7.469440485725533
560,-7.469440485725533
561,-7.469440485725533
562,-7.469440485725533
563,-7.469440485725533
564,-7.469440485725533
565,-7.469440485725533
566,-7.469440485725533
567,-7.469440485725533
568,-7.469440485725533
569,-7.469440485725533
570,-7.469440485725533
571,-7.469440485725533
572,-7.469440485725533
573,-7.469440485725533
574,-7.469440485725533
575,-7.469440485725533
576,-7.469440485725533
577,-7.469440485725533
578,-7.469440485725533
579,-7.469440485725533
580,-7.469440485725533
581,-7.469440485725533
582,-7.469440485725533
583,-7.469440485725533
584,-7.469440485725533
585,-7.469440485725533
586,-7.469440485725533
587,-7.469440485725533
588,-7.469440485725533
589,-7.469440485725533
590,-7.469440485725533
591,-7.469440485725533
592,-7.469440485725533
593,-7.469440485725533
594,-7.469440485725533
595,-7.469440485725533
596,-7.469440485725533
597,-7.469440485725533
598,-7.469440485725533
599,-7.469440485725533
600,-7.469440485725533
601,-7.469440485725533
602,-7.469440485725533
603,-7.469440485725533
604,-7.469440485725533
605,-7.469440485725533
606,-7.469440485725533
607,-7.469440485725533
608,-7.469440485725533
609,-7.469440485725533
610,-7.469440485725533
611,-7.469440485725533
612,-7.469440485725533
613,-7.469440485725533
614,-7.469440485725533
615,-7.469440485725533
616,-7.469440485725533
617,-7.469440485725533
618,-7.469440485725533
619,-7.469440485725533
620,-7.469440485725533
621,-7.469440485725533
622,-7.469440485725533
623,-7.469440485725533
624,-7.469440485725533
625,-7.469440485725533
626,-7.469440485725533
627,-7.469440485725533
628,-7.469440485725533
629,-7.469440485725533
630,-7.469440485725533
631,-7.469440485725533
632,-7.469440485725533
633,-7.469440485725533
634,-7.469440485725533
635,-7.469440485725533
636,-7.469440485725533
637,-7.469440485725533
638,-7.469440485725533
639,-7.469440485725533
640,-7.469440485725533
641,-7.469440485725533
642,-7.469440485725533
643,-7.469440485725533
644,-7.469440485725533
645,-7.469440485725533
646,-7.469440485725533
647,-7.469440485725533
648,-7.469440485725533
649,-7.469440485725533
650,-7.469440485725533
651,-7.469440485725533
652,-7.469440485725533
653,-7.469440485725533
654,-7.469440485725533
655,-7.469440485725533
656,-7.469440485725533
657,-7.469440485725533
658,-7.469440485725533
659,-7.469440485725533
660,-7.469440485725533
661,-7.469440485725533
662,-7.469440485725533
663,-7.469440485725533
664,-7.469440485725533
665,-7.469440485725533
666,-7.469440485725533
667,-7.469440485725533
668,-7.469440485725533
669,-7.469440485725533
670,-7.469440485725533
671,-7.469440485725533
672,-7.469440485725533
673,-7.469440485725533
674,-7.469440485725533
675,-7.469440485725533
676,-7.469440485725533
677,-7.469440485725533
678,-7.469440485725533
679,-7.469440485725533
680,-7.469440485725533
681,-7.469440485725533
682,-7.469440485725533
683,-7.469440485725533
684,-7.469440485725533
685,-7.469440485725533
686,-7.469440485725533
687,-7.469440485725533
688,-7.469440485725533
689,-7.469440485725533
690,-7.469440485725533
691,-7.469440485725533
692,-7.469440485725533
693,-7.469440485725533
694,-7.469440485725533
695,-7.469440485725533
696,-7.469440485725533
697,-7.469440485725533
698,-7.469440485725533
699,-7.469440485725533
700,-7.469440485725533
701,-7.469440485725533
702,-7.469440485725533
703,-7.469440485725533
704,-7.469440485725533
705,-7.469440485725533
706,-7.469440485725533
707,-7.469440485725533
708,-7.469440485725533
709,-7.469440485725533
710,-7.469440485725533
711,-7.469440485725533
712,-7.469440485725533
713,-7.469440485725533
714,-7.469440485725533
715,-7.469440485725533
716,-7.469440485725533
717,-7.469440485725533
718,-7.469440485725533
719,-7.469440485725533
720,-7.469440485725533
721,-7.469440485725533
722,-7.469440485725533
723,-7.469440485725533
724,-7.469440485725533
725,-7.469440485725533
726,-7.469440485725533
727,-7.469440485725533
728,-7.469440485725533
729,-7.469440485725533
730,-7.469440485725533
731,-7.469440485725533
732,-7.469440485725533
733,-7.469440485725533
734,-7.469440485725533
735,-7.469440485725533
736,-7.469440485725533
737,-7.469440485725533
738,-7.469440485725533
739,-7.469440485725533
740,-7.469440485725533
741,-7.469440485725533
742,-7.469440485725533
743,-7.469440485725533
744,-7.469440485725533
745,-7.469440485725533
746,-7.469440485725533
747,-7.469440485725533
748,-7.469440485725533
749,-7.469440485725533
750,-7.469440485725533
751,-7.469440485725533
752,-7.469440485725533
753,-7.469440485725533
754,-7.469440485725533
755,-7.469440485725533
756,-7.469440485725533
757,-7.469440485725533
758,-7.469440485725533
759,-7.469440485725533
760,-7.469440485725533
761,-7.469440485725533
762,-7.469440485725533
763,-7.469440485725533
764,-7.469440485725533
765,-7.469440485725533
766,-7.469440485725533
767,-7.469440485725533
768,-7.469440485725533
769,-7.469440485725533
770,-7.469440485725533
771,-7.469440485725533
772,-7.469440485725533
773,-7.469440485725533
774,-7.469440485725533
775,-7.469440485725533
776,-7.469440485725533
777,-7.469440485725533
778,-7.469440485725533
779,-7.469440485725533
780,-7.469440485725533
781,-7.469440485725533
782,-7.469440485725533
783,-7.469440485725533
784,-7.469440485725533
785,-7.469440485725533
786,-7.469440485725533
787,-7.469440485725533
788,-7.469440485725533
789,-7.469440485725533
790,-7.469440485725533
791,-7.469440485725533
792,-7.469440485725533
793,-7.469440485725533
794,-7.469440485725533
795,-7.469440485725533
796,-7.469440485725533
797,-7.469440485725533
798,-7.469440485725533
799,-7.469440485725533
800,-7.469440485725533
801,-7.469440485725533
802,-7.469440485725533
803,-7.469440485725533
804,-7.469440485725533
805,-7.469440485725533
806,-7.469440485725533
807,-7.469440485725533
808,-7.469440485725533
809,-7.469440485725533
810,-7.469440485725533
811,-7.469440485725533
812,-7.469440485725533
813,-7.469440485725533
814,-7.469440485725533
815,-7.469440485725533
816,-7.469440485725533
817,-7.469440485725533
818,-7.469440485725533
819,-7.469440485725533
820,-7.469440485725533
821,-7.469440485725533
822,-7.469440485725533
823,-7.469440485725533
824,-7.469440485725533
825,-7.469440485725533
826,-7.469440485725533
827,-7.469440485725533
828,-7.469440485725533
829,-7.469440485725533
830,-7.469440485725533
831,-7.469440485725533
832,-7.469440485725533
833,-7.469440485725533
834,-7.469440485725533
835,-7.469440485725533
836,-7.469440485725533
837,-7.469440485725533
838,-7.469440485725533
839,-7.469440485725533
840,-7.469440485725533
841,-7.469440485725533
842,-7.469440485725533
843,-7.469440485725533
844,-7.469440485725533
845,-7.469440485725533
846,-7.469440485725533
847,-7.469440485725533
848,-7.469440485725533
849,-7.469440485725533
850,-7.469440485725533
851,-7.469440485725533
852,-7.469440485725533
853,-7.469440485725533
854,-7.469440485725533
855,-7.469440485725533
856,-7.469440485725533
857,-7.469440485725533
858,-7.469440485725533
859,-7.469440485725533
860,-7.469440485725533
861,-7.469440485725533
862,-7.469440485725533
863,-7.469440485725533
864,-7.469440485725533
865,-7.469440485725533
866,-7.469440485725533
867,-7.469440485725533
868,-7.469440485725533
869,-7.469440485725533
870,-7.469440485725533
871,-7.469440485725533
872,-7.469440485725533
873,-7.469440485725533
874,-7.469440485725533
875,-7.469440485725533
876,-7.469440485725533
877,-7.469440485725533
878,-7.469440485725533
879,-7.469440485725533
880,-7.469440485725533
881,-7.469440485725533
882,-7.469440485725533
883,-7.469440485725533
884,-7.469440485725533
885,-7.469440485725533
886,-7.469440485725533
887,-7.469440485725533
888,-7.469440485725533
889,-7.469440485725533
890,-7.469440485725533
891,-7.469440485725533
892,-7.469440485725533
893,-7.469440485725533
894,-7.469440485725533
895,-7.469440485725533
896,-7.469440485725533
897,-7.469440485725533
898,-7.469440485725533
899,-7.469440485725533
900,-7.469440485725533
901,-7.469440485725533
902,-7.469440485725533
903,-7.469440485725533
904,-7.469440485725533
905,-7.469440485725533
906,-7.469440485725533
907,-7.469440485725533
908,-7.469440485725533
909,-7.469440485725533
910,-7.469440485725533
911,-7.469440485725533
912,-7.469440485725533
913,-7.469440485725533
914,-7.469440485725533
915,-7.469440485725533
916,-7.469440485725533
917,-7.469440485725533
918,-7.469440485725533
919,-7.469440485725533
920,-7.469440485725533
921,-7.469440485725533
922,-7.469440485725533
923,-7.469440485725533
924,-7.469440485725533
925,-7.469440485725533
926,-7.469440485725533
927,-7.469440485725533
928,-7.469440485725533
929,-7.469440485725533
930,-7.469440485725533
931,-7.469440485725533
932,-7.469440485725533
933,-7.469440485725533
934,-7.469440485725533
935,-7.469440485725533
936,-7.469440485725533
937,-7.469440485725533
938,-7.469440485725533
939,-7.469440485725533
940,-7.469440485725533
941,-7.469440485725533
942,-7.469440485725533
943,-7.469440485725533
944,-7.469440485725533
945,-7.469440485725533
946,-7.469440485725533
947,-7.469440485725533
948,-7.469440485725533
949,-7.469440485725533
950,-7.469440485725533
951,-7.469440485725533
952,-7.469440485725533
953,-7.469440485725533
954,-7.469440485725533
955,-7.469440485725533
956,-7.469440485725533
957,-7.469440485725533
958,-7.469440485725533
959,-7.469440485725533
960,-7.469440485725533
961,-7.469440485725533
962,-7.469440485725533
963,-7.469440485725533
964,-7.469440485725533
965,-7.469440485725533
966,-7.469440485725533
967,-7.469440485725533
968,-7.469440485725533
969,-7.469440485725533
970,-7.469440485725533
971,-24.109389843754723
972,-24.109389843754723
973,-24.109389843754723
974,-24.109389843754723
975,-24.109389843754723
976,-24.109389843754723
977,-24.109389843754723
978,-24.109389843754723
979,-24.109389843754723
980,-24.109389843754723
981,-24.109389843754723
982,-24.109389843754723
983,-24.109389843754723
984,-24.109389843754723
985,-24.109389843754723
986,-24.109389843754723
987,-24.109389843754723
988,-24.109389843754723
989,-24.109389843754723
990,-24.109389843754723
991,-24.109389843754723
992,-24.109389843754723
993,-24.109389843754723
994,-24.109389843754723
995,-24.109389843754723
996,-24.109389843754723
997,-24.109389843754723
998,-24.109389843754723
999,-24.109389843754723
1000,-24.109389843754723
1001,-24.109389843754723
1002,-24.109389843754723
1003,-24.109389843754723
1004,-24.109389843754723
1005,-24.109389843754723
1006,-24.109389843754723
1007,-24.109389843754723
1008,-24.109389843754723
1009,-24.109389843754723
1010,-24.109389843754723
1011,-24.109389843754723
1012,-24.109389843754723
1013,-24.109389843754723
1014,-24.109389843754723
1015,-24.109389843754723
1016,-24.109389843754723
1017,-24.109389843754723
1018,-24.109389843754723
1019,-24.109389843754723
1020,-24.109389843754723
1021,-24.109389843754723
1022,-24.109389843754723
1023,-24.109389843754723
1024,-24.109389843754723
1025,-24.109389843754723
1026,-24.109389843754723
1027,-24.109389843754723
1028,-24.109389843754723
1029,-24.109389843754723
1030,-24.109389843754723
1031,-24.109389843754723
1032,-24.109389843754723
1033,-24.109389843754723
1034,-24.109389843754723
1035,-24.109389843754723
1036,-24.109389843754723
1037,-24.109389843754723
1038,-24.109389843754723
1039,-24.109389843754723
1040,-24.109389843754723
1041,-24.109389843754723
1042,-24.109389843754723
1043,-24.109389843754723
1044,-24.109389843754723
1045,-24.109389843754723
1046,-24.109389843754723
1047,-24.109389843754723
1048,-24.109389843754723
1049,-24.109389843754723
1050,-24.109389843754723
1051,-24.109389843754723
1052,-24.109389843754723
1053,-24.109389843754723
1054,-24.109389843754723
1055,-24.109389843754723
1056,-24.109389843754723
1057,-24.109389843754723
1058,-24.109389843754723
1059,-24.109389843754723
1060,-24.109389843754723
1061,-24.109389843754723
1062,-24.109389843754723
1063,-24.109389843754723
1064,-24.109389843754723
1065,-24.109389843754723
1066,-24.109389843754723
1067,-24.109389843754723
1068,-24.109389843754723
1069,-24.109389843754723
1070,-24.109389843754723
1071,-24.109389843754723
1072,-24.109389843754723
1073,-24.109389843754723
1074,-24.109389843754723
1075,-24.109389843754723
1076,-24.109389843754723
1077,-24.109389843754723
1078,-24.109389843754723
1079,-24.109389843754723
1080,-24.109389843754723
1081,-24.109389843754723
1082,-24.109389843754723
1083,-24.109389843754723
1084,-24.109389843754723
1085,-24.109389843754723
1086,-24.109389843754723
1087,-24.109389843754723
1088,-24.109389843754723
1089,-24.109389843754723
1090,-24.109389843754723
1091,-24.109389843754723
1092,-24.109389843754723
1093,-24.109389843754723
1094,-24.109389843754723
1095,-24.109389843754723
1096,-24.109389843754723
1097,-24.109389843754723
1098,-24.109389843754723
1099,-24.109389843754723
1100,-24.109389843754723
1101,-24.109389843754723
1102,-24.109389843754723
1103,-24.109389843754723
1104,-24.109389843754723
1105,-24.109389843754723
1106,-24.109389843754723
1107,-24.109389843754723
1108,-24.109389843754723
1109,-24.109389843754723
1110,-24.109389843754723
1111,-24.109389843754723
1112,-24.109389843754723
1113,-24.109389843754723
1114,-24.109389843754723
1115,-24.109389843754723
1116,-24.109389843754723
1117,-24.109389843754723
1118,-24.109389843754723
1119,-24.109389843754723
1120,-24.109389843754723
1121,-24.109389843754723
1122,-24.109389843754723
1123,-24.109389843754723
1124,-24.109389843754723
1125,-24.109389843754723
1126,-24.109389843754723
1127,-24.109389843754723
1128,-24.109389843754723
1129,-24.109389843754723
1130,-24.109389843754723
1131,-24.109389843754723
1132,-24.109389843754723
1133,-24.109389843754723
1134,-24.109389843754723
1135,-24.109389843754723
1136,-24.109389843754723
1137,-24.109389843754723
1138,-24.109389843754723
1139,-24.109389843754723
1140,-24.109389843754723
1141,-24.109389843754723
1142,-24.109389843754723
1143,-24.109389843754723
1144,-24.109389843754723
1145,-24.109389843754723
1146,-24.109389843754723
1147,-24.109389843754723
1148,-24.109389843754723
1149,-24.109389843754723
1150,-24.109389843754723
1151,-24.109389843754723
1152,-24.109389843754723
1153,-24.109389843754723
1154,-24.109389843754723
1155,-24.109389843754723
1156,-24.109389843754723
1157,-24.109389843754723
1158,-24.109389843754723
1159,-24.109389843754723
1160,-24.109389843754723
1161,-24.109389843754723
1162,-24.109389843754723
1163,-24.109389843754723
1164,-24.109389843754723
1165,-24.109389843754723
1166,-24.109389843754723
1167,-24.109389843754723
1168,-24.109389843754723
1169,-24.109389843754723
1170,-24.109389843754723
1171,-24.109389843754723
1172,-24.109389843754723
1173,-24.109389843754723
1174,-24.109389843754723
1175,-24.109389843754723
1176,-24.109389843754723
1177,-24.109389843754723
1178,-24.109389843754723
1179,-24.109389843754723
1180,-24.109389843754723
1181,-24.109389843754723
1182,-24.109389843754723
1183,-24.109389843754723
1184,-24.109389843754723
1185,-24.109389843754723
1186,-24.109389843754723
1187,-24.109389843754723
1188,-24.109389843754723
1189,-24.109389843754723
1190,-24.109389843754723
1191,-24.109389843754723
1192,-24.109389843754723
1193,-24.109389843754723
1194,-24.109389843754723
1195,-24.109389843754723
1196,-24.109389843754723
1197,-24.109389843754723
1198,-24.109389843754723
1199,-24.109389843754723
1200,-24.109389843754723
1201,-24.109389843754723
1202,-24.109389843754723
1203,-24.109389843754723
1204,-24.109389843754723
1205,-24.109389843754723
1206,-24.109389843754723
1207,-24.109389843754723
1208,-24.109389843754723
1209,-24.109389843754723
1210,-24.109389843754723
1211,-24.109389843754723
1212,-24.109389843754723
1213,-24.109389843754723
1214,-24.109389843754723
1215,-24.109389843754723
1216,-24.109389843754723
1217,-24.109389843754723
1218,-24.109389843754723
1219,-24.109389843754723
1220,-24.109389843754723
1221,-24.109389843754723
1222,-24.109389843754723
1223,-24.109389843754723
1224,-24.109389843754723
1225,-24.109389843754723
1226,-24.109389843754723
1227,-24.109389843754723
1228,-24.109389843754723
1229,-24.109389843754723
1230,-24.109389843754723
1231,-24.109389843754723
1232,-24.109389843754723
1233,-24.109389843754723
1234,-24.109389843754723
1235,-24.109389843754723
1236,-24.109389843754723
1237,-24.109389843754723
1238,-24.109389843754723
1239,-24.109389843754723
1240,-24.109389843754723
1241,-24.109389843754723
1242,-24.109389843754723
1243,-24.109389843754723
1244,-24.109389843754723
1245,-24.109389843754723
1246,-24.109389843754723
1247,-24.109389843754723
1248,-24.109389843754723
1249,-24.109389843754723
1250,-24.109389843754723
1251,-24.109389843754723
1252,-24.109389843754723
1253,-24.109389843754723
1254,-24.109389843754723
1255,-24.109389843754723
1256,-24.109389843754723
1257,-24.109389843754723
1258,-24.109389843754723
1259,-24.109389843754723
1260,-24.109389843754723
1261,-24.109389843754723
1262,-24.109389843754723
1263,-24.109389843754723
1264,-24.109389843754723
1265,-24.109389843754723
1266,-24.109389843754723
1267,-24.109389843754723
1268,-24.109389843754723
1269,-24.109389843754723
1270,-24.109389843754723
1271,-24.109389843754723
1272,-24.109389843754723
1273,-24.109389843754723
1274,-24.109389843754723
1275,-24.109389843754723
1276,-24.109389843754723
1277,-24.109389843754723
1278,-24.109389843754723
1279,-24.109389843754723
1280,-24.109389843754723
1281,-24.109389843754723
1282,-24.109389843754723
1283,-24.109389843754723
1284,-24.109389843754723
1285,-24.109389843754723
1286,-24.109389843754723
1287,-24.109389843754723
1288,-24.109389843754723
1289,-24.109389843754723
1290,-24.109389843754723
1291,-24.109389843754723
1292,-24.109389843754723
1293,-24.109389843754723
1294,-24.109389843754723
1295,-24.109389843754723
1296,-24.109389843754723
1297,-24.109389843754723
1298,-24.109389843754723
1299,-24.109389843754723
1300,-24.109389843754723
1301,-24.109389843754723
1302,-24.109389843754723
1303,-24.109389843754723
1304,-24.109389843754723
1305,-24.109389843754723
1306,-24.109389843754723
1307,-24.109389843754723
1308,-24.109389843754723
1309,-24.109389843754723
1310,-24.109389843754723
1311,-24.109389843754723
1312,-24.109389843754723
1313,-24.109389843754723
1314,-24.109389843754723
1315,-24.109389843754723
1316,-24.109389843754723
1317,-24.109389843754723
1318,-24.109389843754723
1319,-24.109389843754723
1320,-24.109389843754723
1321,-24.109389843754723
1322,-24.109389843754723
1323,-24.109389843754723
1324,-24.109389843754723
1325,-24.109389843754723
1326,-24.109389843754723
1327,-24.109389843754723
1328,-24.109389843754723
1329,-24.109389843754723
1330,-24.109389843754723
1331,-24.109389843754723
1332,-24.109389843754723
1333,-24.109389843754723
1334,-24.109389843754723
1335,-24.109389843754723
1336,-24.109389843754723
1337,-24.109389843754723
1338,-24.109389843754723
1339,-24.109389843754723
1340,-24.109389843754723
1341,-24.109389843754723
1342,-24.109389843754723
1343,-24.109389843754723
1344,-24.109389843754723
1345,-24.109389843754723
1346,-24.109389843754723
1347,-24.109389843754723
1348,-24.109389843754723
1349,-24.109389843754723
1350,-24.109389843754723
1351,-24.109389843754723
1352,-24.109389843754723
1353,-24.109389843754723
1354,-24.109389843754723
1355,-24.109389843754723
1356,-24.109389843754723
1357,-24.109389843754723
1358,-24.109389843754723
1359,-24.109389843754723
1360,-24.109389843754723
1361,-24.109389843754723
1362,-24.109389843754723
1363,-24.109389843754723
1364,-24.109389843754723
1365,-24.109389843754723
1366,-24.109389843754723
1367,-24.109389843754723
1368,-24.109389843754723
1369,-24.109389843754723
1370,-24.109389843754723
1371,-24.109389843754723
1372,-24.109389843754723
1373,-24.109389843754723
1374,-21.621173117320453
1375,-21.621173117320453
1376,-21.621173117320453
1377,-21.621173117320453
1378,-21.621173117320453
1379,-21.621173117320453
1380,-21.621173117320453
1381,-21.621173117320453
1382,-21.621173117320453
1383,-21.621173117320453
1384,-21.621173117320453
1385,-21.621173117320453
1386,-21.621173117320453
1387,-21.621173117320453
1388,-21.621173117320453
1389,-21.621173117320453
1390,-21.621173117320453
1391,-21.621173117320453
1392,-21.621173117320453
1393,-21.621173117320453
1394,-21.621173117320453
1395,-21.621173117320453
1396,-21.621173117320453
1397,-21.621173117320453
1398,-21.621173117320453
1399,-21.621173117320453
1400,-21.621173117320453
1401,-21.621173117320453
1402,-21.621173117320453
1403,-21.621173117320453
1404,-21.621173117320453
1405,-21.621173117320453
1406,-21.621173117320453
1407,-21.621173117320453
1408,-21.621173117320453
1409,-21.621173117320453
1410,-21.621173117320453
1411,-21.621173117320453
1412,-21.621173117320453
1413,-21.621173117320453
1414,-21.621173117320453
1415,-21.621173117320453
1416,-21.621173117320453
1417,-21.621173117320453
1418,-21.621173117320453
1419,-21.621173117320453
1420,-21.621173117320453
1421,-21.621173117320453
1422,-21.621173117320453
1423,-21.621173117320453
1424,-21.621173117320453
1425,-21.621173117320453
1426,-21.621173117320453
1427,-21.621173117320453
1428,-21.621173117320453
1429,-21.621173117320453
1430,-21.621173117320453
1431,-21.621173117320453
1432,-21.621173117320453
1433,-21.621173117320453
1434,-21.621173117320453
1435,-21.621173117320453
1436,-21.621173117320453
1437,-21.621173117320453
1438,-21.621173117320453
1439,-21.621173117320453
1440,-21.621173117320453
1441,-21.621173117320453
1442,-21.621173117320453
1443,-21.621173117320453
1444,-21.621173117320453
1445,-21.621173117320453
1446,-21.621173117320453
1447,-21.621173117320453
1448,-21.621173117320453
1449,-21.621173117320453
1450,-21.621173117320453
1451,-21.621173117320453
1452,-21.621173117320453
1453,-21.621173117320453
1454,-21.621173117320453
1455,-21.621173117320453
1456,-21.621173117320453
1457,-21.621173117320453
1458,-21.621173117320453
1459,-21.621173117320453
1460,-21.621173117320453
1461,-21.621173117320453
1462,-21.621173117320453
1463,-21.621173117320453
1464,-21.621173117320453
1465,-21.621173117320453
1466,-21.621173117320453
1467,-21.621173117320453
1468,-21.621173117320453
1469,-21.621173117320453
1470,-21.621173117320453
1471,-21.621173117320453
1472,-21.621173117320453
1473,-21.621173117320453
1474,-21.621173117320453
1475,-21.621173117320453
1476,-21.621173117320453
1477,-21.621173117320453
1478,-21.621173117320453
1479,-21.621173117320453
1480,-21.621173117320453
1481,-21.621173117320453
1482,-21.621173117320453
1483,-21.621173117320453
1484,-21.621173117320453
1485,-21.621173117320453
1486,-21.621173117320453
1487,-21.621173117320453
1488,-21.621173117320453
1489,-21.621173117320453
1490,-21.621173117320453
1491,-21.621173117320453
1492,-21.621173117320453
1493,-21.621173117320453
1494,-21.621173117320453
1495,-21.621173117320453
1496,-21.621173117320453
1497,-21.621173117320453
1498,-21.621173117320453
1499,-21.621173117320453
1500,-21.621173117320453
1501,-21.621173117320453
1502,-21.621173117320453
1503,-21.621173117320453
1504,-21.621173117320453
1505,-21.621173117320453
1506,-21.621173117320453
1507,-21.621173117320453
1508,-21.621173117320453
1509,-21.621173117320453
1510,-21.621173117320453
1511,-21.621173117320453
1512,-21.621173117320453
1513,-21.621173117320453
1514,-21.621173117320453
1515,-21.621173117320453
1516,-21.621173117320453
1517,-21.621173117320453
1518,-21.621173117320453
1519,-21.621173117320453
1520,-21.621173117320453
1521,-21.621173117320453
1522,-21.621173117320453
1523,-21.621173117320453
1524,-21.621173117320453
1525,-21.621173117320453
1526,-21.621173117320453
1527,-21.621173117320453
1528,-21.621173117320453
1529,-21.621173117320453
1530,-21.621173117320453
1531,-21.621173117320453
1532,-21.621173117320453
1533,-21.621173117320453
1534,-21.621173117320453
1535,-21.621173117320453
1536,-21.621173117320453
1537,-21.621173117320453
1538,-21.621173117320453
1539,-21.621173117320453
1540,-21.621173117320453
1541,-21.621173117320453
1542,-21.621173117320453
1543,-21.621173117320453
1544,-21.621173117320453
1545,-21.621173117320453
1546,-21.621173117320453
1547,-21.621173117320453
1548,-21.621173117320453
1549,-21.621173117320453
1550,-21.621173117320453
1551,-21.621173117320453
1552,-21.621173117320453
1553,-21.621173117320453
1554,-21.621173117320453
1555,-21.621173117320453
1556,-21.621173117320453
1557,-21.621173117320453
1558,-21.621173117320453
1559,-21.621173117320453
1560,-21.621173117320453
1561,-21.621173117320453
1562,-21.621173117320453
1563,-21.621173117320453
1564,-21.621173117320453
1565,-21.621173117320453
1566,-21.621173117320453
1567,-21.621173117320453
1568,-21.621173117320453
1569,-21.621173117320453
1570,-21.621173117320453
1571,-21.621173117320453
1572,-21.621173117320453
1573,-21.621173117320453
1574,-21.621173117320453
1575,-21.621173117320453
1576,-21.621173117320453
1577,-21.621173117320453
1578,-21.621173117320453
1579,-21.621173117320453
1580,-21.621173117320453
1581,-21.621173117320453
1582,-21.621173117320453
1583,-21.621173117320453
1584,-21.621173117320453
1585,-21.621173117320453
1586,-21.621173117320453
1587,-21.621173117320453
1588,-21.621173117320453
1589,-21.621173117320453
1590,-21.621173117320453
1591,-21.621173117320453
1592,-21.621173117320453
1593,-21.621173117320453
1594,-21.621173117320453
1595,-21.621173117320453
1596,-21.621173117320453
1597,-21.621173117320453
1598,-21.621173117320453
1599,-21.621173117320453
1600,-21.621173117320453
1601,-21.621173117320453
1602,-21.621173117320453
1603,-21.621173117320453
1604,-21.621173117320453
1605,-21.621173117320453
1606,-21.621173117320453
1607,-21.621173117320453
1608,-21.621173117320453
1609,-21.621173117320453
1610,-21.621173117320453
1611,-21.621173117320453
1612,-21.621173117320453
1613,-21.621173117320453
1614,-21.621173117320453
1615,-21.621173117320453
1616,-21.621173117320453
1617,-21.621173117320453
1618,-21.621173117320453
1619,-21.621173117320453
1620,-21.621173117320453
1621,-21.621173117320453
1622,-21.621173117320453
1623,-21.621173117320453
1624,-21.621173117320453
1625,-21.621173117320453
1626,-21.621173117320453
1627,-21.621173117320453
1628,-21.621173117320453
1629,-21.621173117320453
1630,-21.621173117320453
1631,-21.621173117320453
1632,-21.621173117320453
1633,-21.621173117320453
1634,-21.621173117320453
1635,-21.621173117320453
1636,-21.621173117320453
1637,-21.621173117320453
1638,-21.621173117320453
1639,-21.621173117320453
1640,-21.621173117320453
1641,-21.621173117320453
1642,-21.621173117320453
1643,-21.621173117320453
1644,-21.621173117320453
1645,-21.621173117320453
1646,-21.621173117320453
1647,-21.621173117320453
1648,-21.621173117320453
1649,-21.621173117320453
1650,-21.621173117320453
1651,-21.621173117320453
1652,-21.621173117320453
1653,-21.621173117320453
1654,-21.621173117320453
1655,-21.621173117320453
1656,-21.621173117320453
1657,-21.621173117320453
1658,-21.621173117320453
1659,-21.621173117320453
1660,-21.621173117320453
1661,-21.621173117320453
1662,-21.621173117320453
1663,-21.621173117320453
1664,-21.621173117320453
1665,-21.621173117320453
1666,-21.621173117320453
1667,-21.621173117320453
1668,-21.621173117320453
1669,-21.621173117320453
1670,-21.621173117320453
1671,-21.621173117320453
1672,-21.621173117320453
1673,-21.621173117320453
1674,-21.621173117320453
1675,-21.621173117320453
1676,-21.621173117320453
1677,-21.621173117320453
1678,-21.621173117320453
1679,-21.621173117320453
1680,-21.621173117320453
1681,-21.621173117320453
1682,-21.621173117320453
1683,-21.621173117320453
1684,-21.621173117320453
1685,-21.621173117320453
1686,-21.621173117320453
1687,-21.621173117320453
1688,-21.621173117320453
1689,-21.621173117320453
1690,-21.621173117320453
1691,-21.621173117320453
1692,-21.621173117320453
1693,-21.621173117320453
1694,-21.621173117320453
1695,-21.621173117320453
1696,-21.621173117320453
1697,-21.621173117320453
1698,-21.621173117320453
1699,-21.621173117320453
1700,-21.621173117320453
1701,-21.621173117320453
1702,-21.621173117320453
1703,-21.621173117320453
1704,-21.621173117320453
1705,-21.621173117320453
1706,-21.621173117320453
1707,-21.621173117320453
1708,-21.621173117320453
1709,-21.621173117320453
1710,-21.621173117320453
1711,-21.621173117320453
1712,-21.621173117320453
1713,-21.621173117320453
1714,-21.621173117320453
1715,-21.621173117320453
1716,-21.621173117320453
1717,-21.621173117320453
1718,-21.621173117320453
1719,-21.621173117320453
1720,-21.621173117320453
1721,-21.621173117320453
1722,-21.621173117320453
1723,-21.621173117320453
1724,-21.621173117320453
1725,-21.621173117320453
1726,-21.621173117320453
1727,-21.621173117320453
1728,-21.621173117320453
1729,-21.621173117320453
1730,-21.621173117320453
1731,-21.621173117320453
1732,-21.621173117320453
1733,-21.621173117320453
1734,-21.621173117320453
1735,-21.621173117320453
1736,-21.621173117320453
1737,-21.621173117320453
1738,-21.621173117320453
1739,-21.621173117320453
1740,-21.621173117320453
1741,-21.621173117320453
1742,-21.621173117320453
1743,-21.621173117320453
1744,-21.621173117320453
1745,-21.621173117320453
1746,-21.621173117320453
1747,-21.621173117320453
1748,-21.621173117320453
1749,-21.621173117320453
1750,-21.621173117320453
1751,-21.621173117320453
1752,-21.621173117320453
1753,-21.621173117320453
1754,-21.621173117320453
1755,-21.621173117320453
1756,-21.621173117320453
1757,-21.621173117320453
1758,-21.621173117320453
1759,-21.621173117320453
1760,-21.621173117320453
1761,-21.621173117320453
1762,-21.621173117320453
1763,-21.621173117320453
1764,-21.621173117320453
1765,-21.621173117320453
1766,-21.621173117320453
1767,-21.621173117320453
1768,-21.621173117320453
1769,-21.621173117320453
1770,-21.621173117320453
1771,-21.621173117320453
1772,-21.621173117320453
1773,-21.621173117320453
1774,-21.621173117320453
1775,-18.510902209277614
1776,-18.510902209277614
1777,-18.510902209277614
1778,-18.510902209277614
1779,-18.510902209277614
1780,-18.510902209277614
1781,-18.510902209277614
1782,-18.510902209277614
1783,-18.510902209277614
1784,-18.510902209277614
1785,-18.510902209277614
1786,-18.510902209277614
1787,-18.510902209277614
1788,-18.510902209277614
1789,-18.510902209277614
1790,-18.510902209277614
1791,-18.510902209277614
1792,-18.510902209277614
1793,-18.510902209277614
1794,-18.510902209277614
1795,-18.510902209277614
1796,-18.510902209277614
1797,-18.510902209277614
1798,-18.510902209277614
1799,-18.510902209277614
1800,-18.510902209277614
1801,-18.510902209277614
1802,-18.510902209277614
1803,-18.510902209277614
1804,-18.510902209277614
1805,-18.510902209277614
1806,-18.510902209277614
1807,-18.510902209277614
1808,-18.510902209277614
1809,-18.510902209277614
1810,-18.510902209277614
1811,-18.510902209277614
1812,-18.510902209277614
1813,-18.510902209277614
1814,-18.510902209277614
1815,-18.510902209277614
1816,-18.510902209277614
1817,-18.510902209277614
1818,-18.510902209277614
1819,-18.510902209277614
1820,-18.510902209277614
1821,-18.510902209277614
1822,-18.510902209277614
1823,-18.510902209277614
1824,-18.510902209277614
1825,-18.510902209277614
1826,-18.510902209277614
1827,-18.510902209277614
1828,-18.510902209277614
1829,-18.510902209277614
1830,-18.510902209277614
1831,-18.510902209277614
1832,-18.510902209277614
1833,-18.510902209277614
1834,-18.510902209277614
1835,-18.510902209277614
1836,-18.510902209277614
1837,-18.510902209277614
1838,-18.510902209277614
1839,-18.510902209277614
1840,-18.510902209277614
1841,-18.510902209277614
1842,-18.510902209277614
1843,-18.510902209277614
1844,-18.510902209277614
1845,-18.510902209277614
1846,-18.510902209277614
1847,-18.510902209277614
1848,-18.510902209277614
1849,-18.510902209277614
1850,-18.510902209277614
1851,-18.510902209277614
1852,-18.510902209277614
1853,-18.510902209277614
1854,-18.510902209277614
1855,-18.510902209277614
1856,-18.510902209277614
1857,-18.510902209277614
1858,-18.510902209277614
1859,-18.510902209277614
1860,-18.510902209277614
1861,-18.510902209277614
1862,-18.510902209277614
1863,-18.510902209277614
1864,-18.510902209277614
1865,-18.510902209277614
1866,-18.510902209277614
1867,-18.510902209277614
1868,-18.510902209277614
1869,-18.510902209277614
1870,-18.510902209277614
1871,-18.510902209277614
1872,-18.510902209277614
1873,-18.510902209277614
1874,-18.510902209277614
1875,-18.510902209277614
1876,-18.510902209277614
1877,-18.510902209277614
1878,-18.510902209277614
1879,-18.510902209277614
1880,-18.510902209277614
1881,-18.510902209277614
1882,-18.510902209277614
1883,-18.510902209277614
1884,-18.510902209277614
1885,-18.510902209277614
1886,-18.510902209277614
1887,-18.510902209277614
1888,-18.510902209277614
1889,-18.510902209277614
1890,-18.510902209277614
1891,-18.510902209277614
1892,-18.510902209277614
1893,-18.510902209277614
1894,-18.510902209277614
1895,-18.510902209277614
1896,-18.510902209277614
1897,-18.510902209277614
1898,-18.510902209277614
1899,-18.510902209277614
1900,-18.510902209277614
1901,-18.510902209277614
1902,-18.510902209277614
1903,-18.510902209277614
1904,-18.510902209277614
1905,-18.510902209277614
1906,-18.510902209277614
1907,-18.510902209277614
1908,-18.510902209277614
1909,-18.510902209277614
1910,-18.510902209277614
1911,-18.510902209277614
1912,-18.510902209277614
1913,-18.510902209277614
1914,-18.510902209277614
1915,-18.510902209277614
1916,-18.510902209277614
1917,-18.510902209277614
1918,-18.510902209277614
1919,-18.510902209277614
1920,-18.510902209277614
1921,-18.510902209277614
1922,-18.510902209277614
1923,-18.510902209277614
1924,-18.510902209277614
1925,-18.510902209277614
1926,-18.510902209277614
1927,-18.510902209277614
1928,-18.510902209277614
1929,-18.510902209277614
1930,-18.510902209277614
1931,-18.510902209277614
1932,-18.510902209277614
1933,-18.510902209277614
1934,-18.510902209277614
1935,-18.510902209277614
1936,-18.510902209277614
1937,-18.510902209277614
1938,-18.510902209277614
1939,-18.510902209277614
1940,-18.510902209277614
1941,-18.510902209277614
1942,-18.510902209277614
1943,-18.510902209277614
1944,-18.510902209277614
1945,-18.510902209277614
1946,-18.510902209277614
1947,-18.510902209277614
1948,-18.510902209277614
1949,-18.510902209277614
1950,-18.510902209277614
1951,-18.510902209277614
1952,-18.510902209277614
1953,-18.510902209277614
1954,-18.510902209277614
1955,-18.510902209277614
1956,-18.510902209277614
1957,-18.510902209277614
1958,-18.510902209277614
1959,-18.510902209277614
1960,-18.510902209277614
1961,-18.510902209277614
1962,-18.510902209277614
1963,-18.510902209277614
1964,-18.510902209277614
1965,-18.510902209277614
1966,-18.510902209277614
1967,-18.510902209277614
1968,-18.510902209277614
1969,-18.510902209277614
1970,-18.510902209277614
1971,-18.510902209277614
1972,-18.510902209277614
1973,-18.510902209277614
1974,-18.510902209277614
1975,-18.510902209277614
1976,-18.510902209277614
1977,-18.510902209277614
1978,-18.510902209277614
1979,-18.510902209277614
1980,-18.510902209277614
1981,-18.510902209277614
1982,-18.510902209277614
1983,-18.510902209277614
1984,-18.510902209277614
1985,-18.510902209277614
1986,-18.510902209277614
1987,-18.510902209277614
1988,-18.510902209277614
1989,-18.510902209277614
1990,-18.510902209277614
1991,-18.510902209277614
1992,-18.510902209277614
1993,-18.510902209277614
1994,-18.510902209277614
1995,-18.510902209277614
1996,-18.510902209277614
1997,-18.510902209277614
1998,-18.510902209277614
1999,-18.510902209277614
2000,-18.510902209277614
2001,-18.510902209277614
2002,-18.510902209277614
2003,-18.510902209277614
2004,-18.510902209277614
2005,-18.510902209277614
2006,-18.510902209277614
2007,-18.510902209277614
2008,-18.510902209277614
2009,-18.510902209277614
2010,-18.510902209277614
2011,-18.510902209277614
2012,-18.510902209277614
2013,-18.510902209277614
2014,-18.510902209277614
2015,-18.510902209277614
2016,-18.510902209277614
2017,-18.510902209277614
2018,-18.510902209277614
2019,-18.510902209277614
2020,-18.510902209277614
2021,-18.510902209277614
2022,-18.510902209277614
2023,-18.510902209277614
2024,-18.510902209277614
2025,-18.510902209277614
2026,-18.510902209277614
2027,-18.510902209277614
2028,-18.510902209277614
2029,-18.510902209277614
2030,-18.510902209277614
2031,-18.510902209277614
2032,-10.42419784836623
2033,-10.42419784836623
2034,-10.42419784836623
2035,-10.42419784836623
2036,-10.42419784836623
2037,-10.42419784836623
2038,-10.42419784836623
2039,-10.42419784836623
2040,-10.42419784836623
2041,-10.42419784836623
2042,-10.42419784836623
2043,-10.42419784836623
2044,-10.42419784836623
2045,-10.42419784836623
2046,-10.42419784836623
2047,-10.42419784836623
2048,-10.42419784836623
2049,-10.42419784836623
2050,-10.42419784836623
2051,-10.42419784836623
2052,-10.42419784836623
2053,-10.42419784836623
2054,-10.42419784836623
2055,-10.42419784836623
2056,-10.42419784836623
2057,-10.42419784836623
2058,-10.42419784836623
2059,-10.42419784836623
2060,-10.42419784836623
2061,-10.42419784836623
2062,-10.42419784836623
2063,-10.42419784836623
2064,-10.42419784836623
2065,-10.42419784836623
2066,-10.42419784836623
2067,-10.42419784836623
2068,-10.42419784836623
2069,-10.42419784836623
2070,-10.42419784836623
2071,-10.42419784836623
2072,-10.42419784836623
2073,-10.42419784836623
2074,-10.42419784836623
2075,-10.42419784836623
2076,-10.42419784836623
2077,-10.42419784836623
2078,-10.42419784836623
2079,-10.42419784836623
2080,-10.42419784836623
2081,-10.42419784836623
2082,-10.42419784836623
2083,-10.42419784836623
2084,-10.42419784836623
2085,-10.42419784836623
2086,-10.42419784836623
2087,-10.42419784836623
2088,-10.42419784836623
2089,-10.42419784836623
2090,-10.42419784836623
2091,-10.42419784836623
2092,-10.42419784836623
2093,-10.42419784836623
2094,-10.42419784836623
2095,-10.42419784836623
2096,-10.42419784836623
2097,-10.42419784836623
2098,-10.42419784836623
2099,-10.42419784836623
2100,-10.42419784836623
2101,-10.42419784836623
2102,-10.42419784836623
2103,-10.42419784836623
2104,-10.42419784836623
2105,-10.42419784836623
2106,-10.42419784836623
2107,-10.42419784836623
2108,-10.42419784836623
2109,-10.42419784836623
2110,-10.42419784836623
2111,-10.42419784836623
2112,-10.42419784836623
2113,-10.42419784836623
2114,-10.42419784836623
2115,-10.42419784836623
2116,-10.42419784836623
2117,-10.42419784836623
2118,-10.42419784836623
2119,-10.42419784836623
2120,-10.42419784836623
2121,-10.42419784836623
2122,-10.42419784836623
2123,-10.42419784836623
2124,-10.42419784836623
2125,-10.42419784836623
2126,-10.42419784836623
2127,-10.42419784836623
2128,-10.42419784836623
2129,-10.42419784836623
2130,-10.42419784836623
2131,-10.42419784836623
2132,-10.42419784836623
2133,-10.42419784836623
2134,-10.42419784836623
2135,-10.42419784836623
2136,-10.42419784836623
2137,-10.42419784836623
2138,-10.42419784836623
2139,-10.42419784836623
2140,-10.42419784836623
2141,-10.42419784836623
2142,-10.42419784836623
2143,-10.42419784836623
2144,-10.42419784836623
2145,-10.42419784836623
2146,-10.42419784836623
2147,-10.42419784836623
2148,-10.42419784836623
2149,-10.42419784836623
2150,-10.42419784836623
2151,-10.42419784836623
2152,-10.42419784836623
2153,-10.42419784836623
2154,-10.42419784836623
2155,-10.42419784836623
2156,-10.42419784836623
2157,-10.42419784836623
2158,-10.42419784836623
2159,-10.42419784836623
2160,-10.42419784836623
2161,-10.42419784836623
2162,-10.42419784836623
2163,-10.42419784836623
2164,-10.42419784836623
2165,-10.42419784836623
2166,-10.42419784836623
2167,-10.42419784836623
2168,-10.42419784836623
2169,-10.42419784836623
2170,-10.42419784836623
2171,-10.42419784836623
2172,-10.42419784836623
2173,-10.42419784836623
2174,-10.42419784836623
2175,-10.42419784836623
2176,-10.42419784836623
2177,-10.42419784836623
2178,-10.42419784836623
2179,-10.42419784836623
2180,-10.42419784836623
2181,-10.42419784836623
2182,-10.42419784836623
2183,-10.42419784836623
2184,-10.42419784836623
2185,-10.42419784836623
2186,-10.42419784836623
2187,-10.42419784836623
2188,-10.42419784836623
2189,-10.42419784836623
2190,-10.42419784836623
2191,-10.42419784836623
2192,-10.42419784836623
2193,-10.42419784836623
2194,-10.42419784836623
2195,-10.42419784836623
2196,-10.42419784836623
2197,-10.42419784836623
2198,-10.42419784836623
2199,-10.42419784836623
2200,-10.42419784836623
2201,-10.42419784836623
2202,-10.42419784836623
2203,-10.42419784836623
2204,-10.42419784836623
2205,-11.046252029974799
2206,-11.046252029974799
2207,-11.046252029974799
2208,-11.046252029974799
2209,-11.046252029974799
2210,-11.046252029974799
2211,-11.046252029974799
2212,-11.046252029974799
2213,-11.046252029974799
2214,-11.046252029974799
2215,-11.046252029974799
2216,-11.046252029974799
2217,-11.046252029974799
2218,-11.046252029974799
2219,-11.046252029974799
2220,-11.046252029974799
2221,-11.046252029974799
2222,-11.046252029974799
2223,-11.046252029974799
2224,-11.046252029974799
2225,-11.046252029974799
2226,-11.046252029974799
2227,-11.046252029974799
2228,-11.046252029974799
2229,-11.046252029974799
2230,-11.046252029974799
2231,-11.046252029974799
2232,-11.046252029974799
2233,-11.046252029974799
2234,-11.046252029974799
2235,-11.046252029974799
2236,-11.046252029974799
2237,-11.046252029974799
2238,-11.046252029974799
2239,-11.046252029974799
2240,-11.046252029974799
2241,-11.046252029974799
2242,-11.046252029974799
2243,-11.046252029974799
2244,-11.046252029974799
2245,-11.046252029974799
2246,-11.046252029974799
2247,-11.046252029974799
2248,-11.046252029974799
2249,-11.046252029974799
2250,-11.046252029974799
2251,-11.046252029974799
2252,-11.046252029974799
2253,-11.046252029974799
2254,-11.046252029974799
2255,-11.046252029974799
2256,-11.046252029974799
2257,-11.046252029974799
2258,-11.046252029974799
2259,-11.046252029974799
2260,-11.046252029974799
2261,-11.046252029974799
2262,-11.046252029974799
2263,-11.046252029974799
2264,-11.046252029974799
2265,-11.046252029974799
2266,-11.046252029974799
2267,-11.046252029974799
2268,-11.046252029974799
2269,-11.046252029974799
2270,-11.046252029974799
2271,-11.046252029974799
2272,-11.046252029974799
2273,-11.046252029974799
2274,-11.046252029974799
2275,-11.046252029974799
2276,-11.046252029974799
2277,-11.046252029974799
2278,-11.046252029974799
2279,-11.046252029974799
2280,-11.046252029974799
2281,-11.046252029974799
2282,-11.046252029974799
2283,-11.046252029974799
2284,-11.046252029974799
2285,-11.046252029974799
2286,-11.046252029974799
2287,-11.046252029974799
2288,-11.046252029974799
2289,-11.046252029974799
2290,-11.046252029974799
2291,-11.046252029974799
2292,-11.046252029974799
2293,-11.046252029974799
2294,-11.046252029974799
2295,-11.046252029974799
2296,-11.046252029974799
2297,-11.046252029974799
2298,-11.046252029974799
2299,-11.046252029974799
2300,-11.046252029974799
2301,-11.046252029974799
2302,-11.046252029974799
2303,-11.046252029974799
2304,-11.046252029974799
2305,-11.046252029974799
2306,-11.046252029974799
2307,-11.046252029974799
2308,-11.046252029974799
2309,-11.046252029974799
2310,-11.046252029974799
2311,-11.046252029974799
2312,-11.046252029974799
2313,-11.046252029974799
2314,-11.046252029974799
2315,-11.046252029974799
2316,-11.046252029974799
2317,-11.046252029974799
2318,-11.046252029974799
2319,-11.046252029974799
2320,-11.046252029974799
2321,-11.046252029974799
2322,-11.046252029974799
2323,-11.046252029974799
2324,-11.046252029974799
2325,-11.046252029974799
2326,-11.046252029974799
2327,-11.046252029974799
2328,-11.046252029974799
2329,-11.046252029974799
2330,-11.046252029974799
2331,-11.046252029974799
2332,-11.046252029974799
2333,-11.046252029974799
2334,-11.046252029974799
2335,-11.046252029974799
2336,-11.046252029974799
2337,-11.046252029974799
2338,-11.046252029974799
2339,-11.046252029974799
2340,-11.046252029974799
2341,-11.046252029974799
2342,-11.046252029974799
2343,-11.046252029974799
2344,-11.046252029974799
2345,-11.046252029974799
2346,-11.046252029974799
2347,-11.046252029974799
2348,-11.046252029974799
2349,-11.046252029974799
2350,-11.046252029974799
2351,-11.046252029974799
2352,-11.046252029974799
2353,-11.046252029974799
2354,-11.046252029974799
2355,-11.046252029974799
2356,-11.046252029974799
2357,-11.046252029974799
2358,-11.046252029974799
2359,-11.046252029974799
2360,-11.046252029974799
2361,-11.046252029974799
2362,-11.046252029974799
2363,-11.046252029974799
2364,-11.046252029974799
2365,-11.046252029974799
2366,-11.046252029974799
2367,-11.046252029974799
2368,-11.046252029974799
2369,-11.046252029974799
2370,-11.046252029974799
2371,-11.046252029974799
2372,-11.046252029974799
2373,-11.046252029974799
2374,-11.046252029974799
2375,-11.046252029974799
2376,-11.046252029974799
2377,-11.046252029974799
2378,-11.046252029974799
2379,-11.046252029974799
2380,-11.046252029974799
2381,-11.046252029974799
2382,-11.046252029974799
2383,-11.046252029974799
2384,-11.046252029974799
2385,-11.046252029974799
2386,-11.046252029974799
2387,-11.046252029974799
2388,-11.046252029974799
2389,-11.046252029974799
2390,-11.046252029974799
2391,-11.046252029974799
2392,-11.046252029974799
2393,-11.046252029974799
2394,-11.046252029974799
2395,-11.046252029974799
2396,-11.046252029974799
2397,-11.046252029974799
2398,-11.046252029974799
2399,-11.046252029974799
2400,-11.046252029974799
2401,-11.046252029974799
2402,-11.046252029974799
2403,-11.046252029974799
2404,-11.046252029974799
2405,-11.046252029974799
2406,-11.046252029974799
2407,-11.046252029974799
2408,-11.046252029974799
2409,-11.046252029974799
2410,-11.046252029974799
2411,-11.046252029974799
2412,-11.046252029974799
2413,-11.046252029974799
2414,-11.046252029974799
2415,-11.046252029974799
2416,-11.046252029974799
2417,-11.046252029974799
2418,-11.046252029974799
2419,-11.046252029974799
2420,-11.046252029974799
2421,-11.046252029974799
2422,-11.046252029974799
2423,-11.046252029974799
2424,-11.046252029974799
2425,-11.046252029974799
2426,-11.046252029974799
2427,-11.046252029974799
2428,-11.046252029974799
2429,-11.046252029974799
2430,-11.046252029974799
2431,-11.046252029974799
2432,-11.046252029974799
2433,-11.046252029974799
2434,-11.046252029974799
2435,-11.046252029974799
2436,-11.046252029974799
2437,-11.046252029974799
2438,-11.046252029974799
2439,-11.046252029974799
2440,-11.046252029974799
2441,-11.046252029974799
2442,-11.046252029974799
2443,-11.046252029974799
2444,-11.046252029974799
2445,-11.046252029974799
2446,-11.046252029974799
2447,-11.046252029974799
2448,-11.046252029974799
2449,-11.046252029974799
2450,-11.046252029974799
2451,-11.046252029974799
2452,-11.046252029974799
2453,-11.046252029974799
2454,-11.046252029974799
2455,-11.046252029974799
2456,-11.046252029974799
2457,-11.046252029974799
2458,-11.046252029974799
2459,-11.046252029974799
2460,-11.046252029974799
2461,-11.046252029974799
2462,-11.046252029974799
2463,-11.046252029974799
2464,-11.046252029974799
2465,-11.046252029974799
2466,-11.046252029974799
2467,-11.046252029974799
2468,-11.046252029974799
2469,-11.046252029974799
2470,-11.046252029974799
2471,-11.046252029974799
2472,-11.046252029974799
2473,-11.046252029974799
2474,-11.046252029974799
2475,-11.046252029974799
2476,-11.046252029974799
2477,-11.046252029974799
2478,-11.046252029974799
2479,-11.046252029974799
2480,-11.046252029974799
2481,-11.046252029974799
2482,-11.046252029974799
2483,-11.046252029974799
2484,-11.046252029974799
2485,-11.046252029974799
2486,-11.046252029974799
2487,-11.046252029974799
2488,-11.046252029974799
2489,-11.046252029974799
2490,-11.046252029974799
2491,-11.046252029974799
2492,-11.046252029974799
2493,-11.046252029974799
2494,-11.046252029974799
2495,-11.046252029974799
2496,-11.046252029974799
2497,-11.046252029974799
2498,-11.046252029974799
2499,-11.046252029974799
2500,-11.046252029974799
2501,-11.046252029974799
2502,-11.046252029974799
2503,-11.046252029974799
2504,-11.046252029974799
2505,-11.046252029974799
2506,-11.046252029974799
2507,-11.046252029974799
2508,-11.046252029974799
2509,-11.046252029974799
2510,-11.046252029974799
2511,-11.046252029974799
2512,-11.046252029974799
2513,-11.046252029974799
2514,-11.046252029974799
2515,-11.046252029974799
2516,-11.046252029974799
2517,-11.046252029974799
2518,-11.046252029974799
2519,-11.046252029974799
2520,-11.046252029974799
2521,-11.046252029974799
2522,-11.046252029974799
2523,-11.046252029974799
2524,-11.046252029974799
2525,-11.046252029974799
2526,-11.046252029974799
2527,-11.046252029974799
2528,-11.046252029974799
2529,-11.046252029974799
2530,-11.046252029974799
2531,-11.046252029974799
2532,-11.046252029974799
2533,-11.046252029974799
2534,-11.046252029974799
2535,-11.046252029974799
2536,-11.046252029974799
2537,-11.046252029974799
2538,-11.046252029974799
2539,-11.046252029974799
2540,-11.046252029974799
2541,-11.046252029974799
2542,-11.046252029974799
2543,-11.046252029974799
2544,-11.046252029974799
2545,-11.046252029974799
2546,-11.046252029974799
2547,-11.046252029974799
2548,-11.046252029974799
2549,-11.046252029974799
2550,-11.046252029974799
2551,-11.046252029974799
2552,-11.046252029974799
2553,-11.046252029974799
2554,-11.046252029974799
2555,-11.046252029974799
2556,-11.046252029974799
2557,-11.046252029974799
2558,-11.046252029974799
2559,-11.046252029974799
2560,-11.046252029974799
2561,-11.046252029974799
2562,-11.046252029974799
2563,-11.046252029974799
2564,-11.046252029974799
2565,-11.046252029974799
2566,-11.046252029974799
2567,-11.046252029974799
2568,-11.046252029974799
2569,-11.046252029974799
2570,-11.046252029974799
2571,-11.046252029974799
2572,-11.046252029974799
2573,-11.046252029974799
2574,-11.046252029974799
2575,-11.046252029974799
2576,-11.046252029974799
2577,-11.046252029974799
2578,-11.046252029974799
2579,-11.046252029974799
2580,-11.046252029974799
2581,-11.046252029974799
2582,-11.046252029974799
2583,-11.046252029974799
2584,-11.046252029974799
2585,-11.046252029974799
2586,-11.046252029974799
2587,-11.046252029974799
2588,-11.046252029974799
2589,-11.046252029974799
2590,-11.046252029974799
2591,-11.046252029974799
2592,-11.046252029974799
2593,-11.046252029974799
2594,-11.046252029974799
2595,-11.046252029974799
2596,-11.046252029974799
2597,-11.046252029974799
2598,-11.046252029974799
2599,-11.046252029974799
2600,-11.046252029974799
2601,-11.046252029974799
2602,-11.046252029974799
2603,-11.046252029974799
2604,-11.046252029974799
2605,-11.046252029974799
2606,-11.046252029974799
2607,-11.046252029974799
2608,-11.046252029974799
2609,-11.046252029974799
2610,-11.046252029974799
2611,-11.046252029974799
2612,-11.046252029974799
2613,-11.046252029974799
2614,-11.046252029974799
2615,-11.046252029974799
2616,-11.046252029974799
2617,-11.046252029974799
2618,-11.046252029974799
2619,-11.046252029974799
2620,-11.046252029974799
2621,-11.046252029974799
2622,-11.046252029974799
2623,-11.046252029974799
2624,-11.046252029974799
2625,-11.046252029974799
2626,-11.046252029974799
2627,-11.046252029974799
2628,-11.046252029974799
2629,-11.046252029974799
2630,-11.046252029974799
2631,-11.046252029974799
2632,-11.046252029974799
2633,-11.046252029974799
2634,-11.046252029974799
2635,-11.046252029974799
2636,-11.046252029974799
2637,-11.046252029974799
2638,-11.046252029974799
2639,-11.046252029974799
2640,-11.046252029974799
2641,-11.046252029974799
2642,-11.046252029974799
2643,-11.046252029974799
2644,-11.046252029974799
2645,-11.046252029974799
2646,-11.046252029974799
2647,-11.046252029974799
2648,-11.046252029974799
2649,-11.046252029974799
2650,-11.046252029974799
2651,-11.046252029974799
2652,-11.046252029974799
2653,-11.046252029974799
2654,-11.046252029974799
2655,-11.046252029974799
2656,-11.046252029974799
2657,-11.046252029974799
2658,-11.046252029974799
2659,-11.046252029974799
2660,-11.046252029974799
2661,-11.046252029974799
2662,-11.046252029974799
2663,-11.046252029974799
2664,-11.046252029974799
2665,-11.046252029974799
2666,-11.046252029974799
2667,-11.046252029974799
2668,-11.046252029974799
2669,-11.046252029974799
2670,-11.046252029974799
2671,-11.046252029974799
2672,-11.046252029974799
2673,-11.046252029974799
2674,-11.046252029974799
2675,-11.046252029974799
2676,-11.046252029974799
2677,-11.046252029974799
2678,-11.046252029974799
2679,-11.046252029974799
2680,-11.046252029974799
2681,-11.046252029974799
2682,-11.046252029974799
2683,-11.046252029974799
2684,-11.046252029974799
2685,-11.046252029974799
2686,-11.046252029974799
2687,-11.046252029974799
2688,-11.046252029974799
2689,-11.046252029974799
2690,-11.046252029974799
2691,-11.046252029974799
2692,-11.046252029974799
2693,-11.046252029974799
2694,-11.046252029974799
2695,-11.046252029974799
2696,-11.046252029974799
2697,-11.046252029974799
2698,-11.046252029974799
2699,-11.046252029974799
2700,-11.046252029974799
2701,-11.046252029974799
2702,-11.046252029974799
2703,-11.046252029974799
2704,-11.046252029974799
2705,-11.046252029974799
2706,-11.046252029974799
2707,-11.046252029974799
2708,-11.046252029974799
2709,-11.046252029974799
2710,-11.046252029974799
2711,-11.046252029974799
2712,-11.046252029974799
2713,-11.046252029974799
2714,-11.046252029974799
2715,-11.046252029974799
2716,-11.046252029974799
2717,-11.046252029974799
2718,-11.046252029974799
2719,-11.046252029974799
2720,-11.046252029974799
2721,-11.046252029974799
2722,-11.046252029974799
2723,-11.046252029974799
2724,-11.046252029974799
2725,-11.046252029974799
2726,-11.046252029974799
2727,-11.046252029974799
2728,-11.046252029974799
2729,-11.046252029974799
2730,-11.046252029974799
2731,-11.046252029974799
2732,-11.046252029974799
2733,-11.046252029974799
2734,-11.046252029974799
2735,-11.046252029974799
2736,-11.046252029974799
2737,-11.046252029974799
2738,-11.046252029974799
2739,-11.046252029974799
2740,-11.046252029974799
2741,-11.046252029974799
2742,-11.046252029974799
2743,-11.046252029974799
2744,-11.046252029974799
2745,-11.046252029974799
2746,-11.046252029974799
2747,-11.046252029974799
2748,-11.046252029974799
2749,-11.046252029974799
2750,-11.046252029974799
2751,-11.046252029974799
2752,-11.046252029974799
2753,-11.046252029974799
2754,-11.046252029974799
2755,-11.046252029974799
2756,-11.046252029974799
2757,-11.046252029974799
2758,-11.046252029974799
2759,-11.046252029974799
2760,-11.046252029974799
2761,-11.046252029974799
2762,-11.046252029974799
2763,-11.046252029974799
2764,-11.046252029974799
2765,-11.046252029974799
2766,-11.046252029974799
2767,-11.046252029974799
2768,-11.046252029974799
2769,-11.046252029974799
2770,-11.046252029974799
2771,-11.046252029974799
2772,-11.046252029974799
2773,-11.046252029974799
2774,-11.046252029974799
2775,-11.046252029974799
2776,-11.046252029974799
2777,-11.046252029974799
2778,-11.046252029974799
2779,-11.046252029974799
2780,-11.046252029974799
2781,-11.046252029974799
2782,-11.046252029974799
2783,-11.046252029974799
2784,-11.046252029974799
2785,-11.046252029974799
2786,-11.046252029974799
2787,-11.046252029974799
2788,-11.046252029974799
2789,-11.046252029974799
2790,-11.046252029974799
2791,-11.046252029974799
2792,-11.046252029974799
2793,-11.046252029974799
2794,-11.046252029974799
2795,-11.046252029974799
2796,-11.046252029974799
2797,-11.046252029974799
2798,-11.046252029974799
2799,-11.046252029974799
2800,-11.046252029974799
2801,-11.046252029974799
2802,-11.046252029974799
2803,-11.046252029974799
2804,-11.046252029974799
2805,-11.046252029974799
2806,-11.046252029974799
2807,-11.046252029974799
2808,-11.046252029974799
2809,-11.046252029974799
2810,-11.046252029974799
2811,-11.046252029974799
2812,-11.046252029974799
2813,-11.046252029974799
2814,-11.046252029974799
2815,-11.046252029974799
2816,-11.046252029974799
2817,-11.046252029974799
2818,-11.046252029974799
2819,-11.046252029974799
2820,-11.046252029974799
2821,-11.046252029974799
2822,-11.046252029974799
2823,-11.046252029974799
2824,-11.046252029974799
2825,-11.046252029974799
2826,-11.046252029974799
2827,-11.046252029974799
2828,-11.046252029974799
2829,-11.046252029974799
2830,-11.046252029974799
2831,-11.046252029974799
2832,-11.046252029974799
2833,-11.046252029974799
2834,-11.046252029974799
2835,-11.046252029974799
2836,-11.046252029974799
2837,-11.046252029974799
2838,-11.046252029974799
2839,-11.046252029974799
2840,-11.046252029974799
2841,-11.046252029974799
2842,-11.046252029974799
2843,-11.046252029974799
2844,-11.046252029974799
2845,-11.046252029974799
2846,-11.046252029974799
2847,-11.046252029974799
2848,-11.046252029974799
2849,-11.046252029974799
2850,-11.046252029974799
2851,-11.046252029974799
2852,-11.046252029974799
2853,-11.046252029974799
2854,-11.046252029974799
2855,-11.046252029974799
2856,-11.046252029974799
2857,-11.046252029974799
2858,-11.046252029974799
2859,-11.046252029974799
2860,-11.046252029974799
2861,-11.046252029974799
2862,-11.046252029974799
2863,-11.046252029974799
2864,-11.046252029974799
2865,-11.046252029974799
2866,-11.046252029974799
2867,-11.046252029974799
2868,-11.046252029974799
2869,-11.046252029974799
2870,-11.046252029974799
2871,-11.046252029974799
2872,-11.046252029974799
2873,-11.046252029974799
2874,-11.046252029974799
2875,-11.046252029974799
2876,-11.046252029974799
2877,-11.046252029974799
2878,-11.046252029974799
2879,-11.046252029974799
2880,-11.046252029974799
2881,-11.046252029974799
2882,-11.046252029974799
2883,-11.046252029974799
2884,-11.046252029974799
2885,-11.046252029974799
2886,-11.046252029974799
2887,-11.046252029974799
2888,-11.046252029974799
2889,-11.046252029974799
2890,-11.046252029974799
2891,-11.046252029974799
2892,-11.046252029974799
2893,-11.046252029974799
2894,-11.046252029974799
2895,-11.046252029974799
2896,-11.046252029974799
2897,-11.046252029974799
2898,-11.046252029974799
2899,-11.046252029974799
2900,-11.046252029974799
2901,-11.046252029974799
2902,-11.046252029974799
2903,-11.046252029974799
2904,-11.046252029974799
2905,-11.046252029974799
2906,-11.046252029974799
2907,-11.046252029974799
2908,-11.046252029974799
2909,-11.046252029974799
2910,-11.046252029974799
2911,-11.046252029974799
2912,-11.046252029974799
2913,-11.046252029974799
2914,-11.046252029974799
2915,-11.046252029974799
2916,-11.046252029974799
2917,-11.046252029974799
2918,-11.046252029974799
2919,-11.046252029974799
2920,-11.046252029974799
2921,-11.046252029974799
2922,-11.046252029974799
2923,-11.046252029974799
2924,-11.046252029974799
2925,-11.046252029974799
2926,-11.046252029974799
2927,-11.046252029974799
2928,-11.046252029974799
2929,-11.046252029974799
2930,-11.046252029974799
2931,-11.046252029974799
2932,-11.046252029974799
2933,-11.046252029974799
2934,-11.046252029974799
2935,-11.046252029974799
2936,-11.046252029974799
2937,-11.046252029974799
2938,-11.046252029974799
2939,-11.046252029974799
2940,-11.046252029974799
2941,-11.046252029974799
2942,-11.046252029974799
2943,-11.046252029974799
2944,-11.046252029974799
2945,-11.046252029974799
2946,-11.046252029974799
2947,-11.046252029974799
2948,-11.046252029974799
2949,-11.046252029974799
2950,-11.046252029974799
2951,-11.046252029974799
2952,-11.046252029974799
2953,-11.046252029974799
2954,-11.046252029974799
2955,-11.046252029974799
2956,-11.046252029974799
2957,-11.046252029974799
2958,-11.046252029974799
2959,-11.046252029974799
2960,-11.046252029974799
2961,-11.046252029974799
2962,-11.046252029974799
2963,-11.046252029974799
2964,-11.046252029974799
2965,-11.046252029974799
2966,-11.046252029974799
2967,-11.046252029974799
2968,-11.046252029974799
2969,-11.046252029974799
2970,-11.046252029974799
2971,-11.046252029974799
2972,-11.046252029974799
2973,-11.046252029974799
2974,-11.046252029974799
2975,-11.046252029974799
2976,-11.046252029974799
2977,-11.046252029974799
2978,-11.046252029974799
2979,-11.046252029974799
2980,-11.046252029974799
2981,-11.046252029974799
2982,-11.046252029974799
2983,-11.046252029974799
2984,-11.046252029974799
2985,-11.046252029974799
2986,-11.046252029974799
2987,-11.046252029974799
2988,-11.046252029974799
2989,-11.046252029974799
2990,-11.046252029974799
2991,-11.046252029974799
2992,-11.046252029974799
2993,-11.046252029974799
2994,-11.046252029974799
2995,-11.046252029974799
2996,-11.046252029974799
2997,-11.046252029974799
2998,-11.046252029974799
2999,-11.046252029974799
3000,-11.046252029974799
3001,-11.046252029974799
3002,-11.046252029974799
3003,-11.046252029974799
3004,-11.046252029974799
3005,-11.046252029974799
3006,-11.046252029974799
3007,-11.046252029974799
3008,-11.046252029974799
3009,-11.046252029974799
3010,-11.046252029974799
3011,-11.046252029974799
3012,-11.046252029974799
3013,-11.046252029974799
3014,-11.046252029974799
3015,-11.046252029974799
3016,-11.046252029974799
3017,-11.046252029974799
3018,-11.046252029974799
3019,-11.046252029974799
3020,-11.046252029974799
3021,-11.046252029974799
3022,-11.046252029974799
3023,-11.046252029974799
3024,-11.046252029974799
3025,-11.046252029974799
3026,-11.046252029974799
3027,-11.046252029974799
3028,-2.8040341236612747
3029,-2.8040341236612747
3030,-2.8040341236612747
3031,-2.8040341236612747
3032,-2.8040341236612747
3033,-2.8040341236612747
3034,-2.8040341236612747
3035,-2.8040341236612747
3036,-2.8040341236612747
3037,-2.8040341236612747
3038,-2.8040341236612747
3039,-2.8040341236612747
3040,-2.8040341236612747
3041,-2.8040341236612747
3042,-2.8040341236612747
3043,-2.8040341236612747
3044,-2.8040341236612747
3045,-2.8040341236612747
3046,-2.8040341236612747
3047,-2.8040341236612747
3048,-2.8040341236612747
3049,-2.8040341236612747
3050,-2.8040341236612747
3051,-2.8040341236612747
3052,-2.8040341236612747
3053,-2.8040341236612747
3054,-2.8040341236612747
3055,-2.8040341236612747
3056,-2.8040341236612747
3057,-2.8040341236612747
3058,-2.8040341236612747
3059,-2.8040341236612747
3060,-2.8040341236612747
3061,-2.8040341236612747
3062,-2.8040341236612747
3063,-2.8040341236612747
3064,-2.8040341236612747
3065,-2.8040341236612747
3066,-2.8040341236612747
3067,-2.8040341236612747
3068,-2.8040341236612747
3069,-2.8040341236612747
3070,-2.8040341236612747
3071,-2.8040341236612747
3072,-2.8040341236612747
3073,-2.8040341236612747
3074,-2.8040341236612747
3075,-2.8040341236612747
3076,-2.8040341236612747
3077,-2.8040341236612747
3078,-2.8040341236612747
3079,-2.8040341236612747
3080,-2.8040341236612747
3081,-2.8040341236612747
3082,-2.8040341236612747
3083,-2.8040341236612747
3084,-2.8040341236612747
3085,-2.8040341236612747
3086,-2.8040341236612747
3087,-2.8040341236612747
3088,-2.8040341236612747
3089,-2.8040341236612747
3090,-2.8040341236612747
3091,-2.8040341236612747
3092,-2.8040341236612747
3093,-2.8040341236612747
3094,-2.8040341236612747
3095,-2.8040341236612747
3096,-2.8040341236612747
3097,-2.8040341236612747
3098,-2.8040341236612747
3099,-2.8040341236612747
3100,-2.8040341236612747
3101,-2.8040341236612747
3102,-2.8040341236612747
3103,-2.8040341236612747
3104,-2.8040341236612747
3105,-2.8040341236612747
3106,-2.8040341236612747
3107,-2.8040341236612747
3108,-2.8040341236612747
3109,-2.8040341236612747
3110,-2.8040341236612747
3111,-2.8040341236612747
3112,-2.8040341236612747
3113,-2.8040341236612747
3114,-2.8040341236612747
3115,-2.8040341236612747
3116,-2.8040341236612747
3117,-2.8040341236612747
3118,-2.8040341236612747
3119,-2.8040341236612747
3120,-2.8040341236612747
3121,-2.8040341236612747
3122,-2.8040341236612747
3123,-2.8040341236612747
3124,-2.8040341236612747
3125,-2.8040341236612747
3126,-2.8040341236612747
3127,-2.8040341236612747
3128,-2.8040341236612747
3129,-2.8040341236612747
3130,-2.8040341236612747
3131,-2.8040341236612747
3132,-2.8040341236612747
3133,-2.8040341236612747
3134,-2.8040341236612747
3135,-2.8040341236612747
3136,-2.8040341236612747
3137,-2.8040341236612747
3138,-2.8040341236612747
3139,-2.8040341236612747
3140,-2.8040341236612747
3141,-2.8040341236612747
3142,-2.8040341236612747
3143,-2.8040341236612747
3144,-2.8040341236612747
3145,-2.8040341236612747
3146,-2.8040341236612747
3147,-2.8040341236612747
3148,-2.8040341236612747
3149,-2.8040341236612747
3150,-2.8040341236612747
3151,-2.8040341236612747
3152,-2.8040341236612747
3153,-2.8040341236612747
3154,-2.8040341236612747
3155,-2.8040341236612747
3156,-2.8040341236612747
3157,-2.8040341236612747
3158,-2.8040341236612747
3159,-2.8040341236612747
3160,-2.8040341236612747
3161,-2.8040341236612747
3162,-2.8040341236612747
3163,-2.8040341236612747
3164,-2.8040341236612747
3165,-2.8040341236612747
3166,-2.8040341236612747
3167,-2.8040341236612747
3168,-2.8040341236612747
3169,-2.8040341236612747
3170,-2.8040341236612747
3171,-2.8040341236612747
3172,-2.8040341236612747
3173,-2.8040341236612747
3174,-2.8040341236612747
3175,-2.8040341236612747
3176,-2.8040341236612747
3177,-2.8040341236612747
3178,-2.8040341236612747
3179,-2.8040341236612747
3180,-2.8040341236612747
3181,-2.8040341236612747
3182,-2.8040341236612747
3183,-2.8040341236612747
3184,-2.8040341236612747
3185,-2.8040341236612747
3186,-2.8040341236612747
3187,-2.8040341236612747
3188,-2.8040341236612747
3189,-2.8040341236612747
3190,-2.8040341236612747
3191,-2.8040341236612747
3192,-2.8040341236612747
3193,-2.8040341236612747
3194,-2.8040341236612747
3195,-2.8040341236612747
3196,-2.8040341236612747
3197,-2.8040341236612747
3198,-2.8040341236612747
3199,-2.8040341236612747
3200,-2.8040341236612747
3201,-2.8040341236612747
3202,-2.8040341236612747
3203,-2.8040341236612747
3204,-2.8040341236612747
3205,-2.8040341236612747
3206,-2.8040341236612747
3207,-2.8040341236612747
3208,-2.8040341236612747
3209,-2.8040341236612747
3210,-2.8040341236612747
3211,-2.8040341236612747
3212,-2.8040341236612747
3213,-2.8040341236612747
3214,-2.8040341236612747
3215,-2.8040341236612747
3216,-2.8040341236612747
3217,-2.8040341236612747
3218,-2.8040341236612747
3219,-2.8040341236612747
3220,-2.8040341236612747
3221,-2.8040341236612747
3222,-2.8040341236612747
3223,-2.8040341236612747
3224,-2.8040341236612747
3225,-2.8040341236612747
3226,-2.8040341236612747
3227,-2.8040341236612747
3228,-2.8040341236612747
3229,-2.8040341236612747
3230,-2.8040341236612747
3231,-2.8040341236612747
3232,-2.8040341236612747
3233,-2.8040341236612747
3234,-2.8040341236612747
3235,-2.8040341236612747
3236,-2.8040341236612747
3237,-2.8040341236612747
3238,-2.8040341236612747
3239,-2.8040341236612747
3240,-2.8040341236612747
3241,-2.8040341236612747
3242,-2.8040341236612747
3243,-2.8040341236612747
3244,-2.8040341236612747
3245,-2.8040341236612747
3246,-2.8040341236612747
3247,-2.8040341236612747
3248,-2.8040341236612747
3249,-2.8040341236612747
3250,-2.8040341236612747
3251,-2.8040341236612747
3252,-2.8040341236612747
3253,-2.8040341236612747
3254,-2.8040341236612747
3255,-2.8040341236612747
3256,-2.8040341236612747
3257,-2.8040341236612747
3258,-2.8040341236612747
3259,-2.8040341236612747
3260,-2.8040341236612747
3261,-2.8040341236612747
3262,-2.8040341236612747
3263,-2.8040341236612747
3264,-2.8040341236612747
3265,-2.8040341236612747
3266,-2.8040341236612747
3267,-2.8040341236612747
3268,-2.8040341236612747
3269,-2.8040341236612747
3270,-2.8040341236612747
3271,-2.8040341236612747
3272,-2.8040341236612747
3273,-2.8040341236612747
3274,-2.8040341236612747
3275,-2.8040341236612747
3276,-2.8040341236612747
3277,-2.8040341236612747
3278,-2.8040341236612747
3279,-2.8040341236612747
3280,-2.8040341236612747
3281,-2.8040341236612747
3282,-2.8040341236612747
3283,-2.8040341236612747
3284,-2.8040341236612747
3285,-2.8040341236612747
3286,-2.8040341236612747
3287,-2.8040341236612747
3288,-2.8040341236612747
3289,-2.8040341236612747
3290,-2.8040341236612747
3291,-2.8040341236612747
3292,-2.8040341236612747
3293,-2.8040341236612747
3294,-2.8040341236612747
3295,-2.8040341236612747
3296,-2.8040341236612747
3297,-2.8040341236612747
3298,-2.8040341236612747
3299,-2.8040341236612747
3300,-2.8040341236612747
3301,-2.8040341236612747
3302,-2.8040341236612747
3303,-2.8040341236612747
3304,-2.8040341236612747
3305,-2.8040341236612747
3306,-2.8040341236612747
3307,-2.8040341236612747
3308,-2.8040341236612747
3309,-2.8040341236612747
3310,-2.8040341236612747
3311,-2.8040341236612747
3312,-2.8040341236612747
3313,-2.8040341236612747
3314,-2.8040341236612747
3315,-2.8040341236612747
3316,-2.8040341236612747
3317,-2.8040341236612747
3318,-2.8040341236612747
3319,-2.8040341236612747
3320,-2.8040341236612747
3321,-2.8040341236612747
3322,-2.8040341236612747
3323,-2.8040341236612747
3324,-2.8040341236612747
3325,-2.8040341236612747
3326,-2.8040341236612747
3327,-2.8040341236612747
3328,-2.8040341236612747
3329,-2.8040341236612747
3330,-2.8040341236612747
3331,-2.8040341236612747
3332,-2.8040341236612747
3333,-2.8040341236612747
3334,-2.8040341236612747
3335,-2.8040341236612747
3336,-2.8040341236612747
3337,-2.8040341236612747
3338,-2.8040341236612747
3339,-2.8040341236612747
3340,-2.8040341236612747
3341,-2.8040341236612747
3342,-2.8040341236612747
3343,-2.8040341236612747
3344,-2.8040341236612747
3345,-2.8040341236612747
3346,-2.8040341236612747
3347,-2.8040341236612747
3348,-2.8040341236612747
3349,-2.8040341236612747
3350,-2.8040341236612747
3351,-2.8040341236612747
3352,-2.8040341236612747
3353,-2.8040341236612747
3354,-2.8040341236612747
3355,-2.8040341236612747
3356,-2.8040341236612747
3357,-2.8040341236612747
3358,-2.8040341236612747
3359,-2.8040341236612747
3360,-2.8040341236612747
3361,-2.8040341236612747
3362,-2.8040341236612747
3363,-2.8040341236612747
3364,-2.8040341236612747
3365,-2.8040341236612747
3366,-2.8040341236612747
3367,-2.8040341236612747
3368,-2.8040341236612747
3369,-2.8040341236612747
3370,-2.8040341236612747
3371,-2.8040341236612747
3372,-2.8040341236612747
3373,-2.8040341236612747
3374,-2.8040341236612747
3375,-2.8040341236612747
3376,-2.8040341236612747
3377,-2.8040341236612747
3378,-2.8040341236612747
3379,-2.8040341236612747
3380,-2.8040341236612747
3381,-2.8040341236612747
3382,-2.8040341236612747
3383,-2.8040341236612747
3384,-2.8040341236612747
3385,-2.8040341236612747
3386,-2.8040341236612747
3387,-2.8040341236612747
3388,-2.8040341236612747
3389,-2.8040341236612747
3390,-2.8040341236612747
3391,-2.8040341236612747
3392,-2.8040341236612747
3393,-2.8040341236612747
3394,-2.8040341236612747
3395,-2.8040341236612747
3396,-2.8040341236612747
3397,-2.8040341236612747
3398,-2.8040341236612747
3399,-2.8040341236612747
3400,-2.8040341236612747
3401,-2.8040341236612747
3402,-2.8040341236612747
3403,-2.8040341236612747
3404,-2.8040341236612747
3405,-2.8040341236612747
3406,-2.8040341236612747
3407,-2.8040341236612747
3408,-2.8040341236612747
3409,-2.8040341236612747
3410,-2.8040341236612747
3411,-2.8040341236612747
3412,-2.8040341236612747
3413,-2.8040341236612747
3414,-2.8040341236612747
3415,-2.8040341236612747
3416,-2.8040341236612747
3417,-2.8040341236612747
3418,-2.8040341236612747
3419,-2.8040341236612747
3420,-2.8040341236612747
3421,-2.8040341236612747
3422,-2.8040341236612747
3423,-2.8040341236612747
3424,-2.8040341236612747
3425,-2.8040341236612747
3426,-2.8040341236612747
3427,-2.8040341236612747
3428,-2.8040341236612747
3429,-2.8040341236612747
3430,-2.8040341236612747
3431,-2.8040341236612747
3432,-2.8040341236612747
3433,-2.8040341236612747
3434,-2.8040341236612747
3435,-2.8040341236612747
3436,-2.8040341236612747
3437,-2.8040341236612747
3438,-2.8040341236612747
3439,-2.8040341236612747
3440,-2.8040341236612747
3441,-2.8040341236612747
3442,-2.8040341236612747
3443,-2.8040341236612747
3444,-2.8040341236612747
3445,-2.8040341236612747
3446,-2.8040341236612747
3447,-2.8040341236612747
3448,-2.8040341236612747
3449,-2.8040341236612747
3450,-2.8040341236612747
3451,-2.8040341236612747
3452,-2.8040341236612747
3453,-2.8040341236612747
3454,-2.8040341236612747
3455,-2.8040341236612747
3456,-2.8040341236612747
3457,-2.8040341236612747
3458,-2.8040341236612747
3459,-2.8040341236612747
3460,-2.8040341236612747
3461,-2.8040341236612747
3462,-2.8040341236612747
3463,-2.8040341236612747
3464,-2.8040341236612747
3465,-2.8040341236612747
3466,-2.8040341236612747
3467,-2.8040341236612747
3468,-2.8040341236612747
3469,-2.8040341236612747
3470,-2.8040341236612747
3471,-2.8040341236612747
3472,-2.8040341236612747
3473,-2.8040341236612747
3474,-2.8040341236612747
3475,-2.8040341236612747
3476,-2.8040341236612747
3477,-2.8040341236612747
3478,-2.8040341236612747
3479,-2.8040341236612747
3480,-2.8040341236612747
3481,-2.8040341236612747
3482,-2.8040341236612747
3483,-2.8040341236612747
3484,-2.8040341236612747
3485,-2.8040341236612747
3486,-2.8040341236612747
3487,-2.8040341236612747
3488,-2.8040341236612747
3489,-2.8040341236612747
3490,-2.8040341236612747
3491,-2.8040341236612747
3492,-2.8040341236612747
3493,-2.8040341236612747
3494,-2.8040341236612747
3495,-2.8040341236612747
3496,-2.8040341236612747
3497,-2.8040341236612747
3498,-2.8040341236612747
3499,-2.8040341236612747
3500,-2.8040341236612747
3501,-2.8040341236612747
3502,-2.8040341236612747
3503,-2.8040341236612747
3504,-2.8040341236612747
3505,-2.8040341236612747
3506,-2.8040341236612747
3507,-2.8040341236612747
3508,-2.8040341236612747
3509,-2.8040341236612747
3510,-2.8040341236612747
3511,-2.8040341236612747
3512,-2.8040341236612747
3513,-2.8040341236612747
3514,-2.8040341236612747
3515,-2.8040341236612747
3516,-2.8040341236612747
3517,-2.8040341236612747
3518,-2.8040341236612747
3519,-2.8040341236612747
3520,-2.8040341236612747
3521,-2.8040341236612747
3522,-2.8040341236612747
3523,-2.8040341236612747
3524,-2.8040341236612747
3525,-2.8040341236612747
3526,-2.8040341236612747
3527,-2.8040341236612747
3528,-2.8040341236612747
3529,-2.8040341236612747
3530,-2.8040341236612747
3531,-2.8040341236612747
3532,-2.8040341236612747
3533,-2.8040341236612747
3534,-2.8040341236612747
3535,-2.8040341236612747
3536,-2.8040341236612747
3537,-2.8040341236612747
3538,-2.8040341236612747
3539,-2.8040341236612747
3540,-2.8040341236612747
3541,-2.8040341236612747
3542,-2.8040341236612747
3543,-2.8040341236612747
3544,-2.8040341236612747
3545,-2.8040341236612747
3546,-2.8040341236612747
3547,-2.8040341236612747
3548,-2.8040341236612747
3549,-2.8040341236612747
3550,-2.8040341236612747
3551,-2.8040341236612747
3552,-2.8040341236612747
3553,-2.8040341236612747
3554,-2.8040341236612747
3555,-2.8040341236612747
3556,-2.8040341236612747
3557,-2.8040341236612747
3558,-2.8040341236612747
3559,-2.8040341236612747
3560,-2.8040341236612747
3561,-2.8040341236612747
3562,-2.8040341236612747
3563,-2.8040341236612747
3564,-2.8040341236612747
3565,-2.8040341236612747
3566,-2.8040341236612747
3567,-2.8040341236612747
3568,-2.8040341236612747
3569,-2.8040341236612747
3570,-2.8040341236612747
3571,-2.8040341236612747
3572,-2.8040341236612747
3573,-2.8040341236612747
3574,-2.8040341236612747
3575,-2.8040341236612747
3576,-2.8040341236612747
3577,-2.8040341236612747
3578,-2.8040341236612747
3579,-2.8040341236612747
3580,-2.8040341236612747
3581,-2.8040341236612747
3582,-2.8040341236612747
3583,-2.8040341236612747
3584,-2.8040341236612747
3585,-2.8040341236612747
3586,-2.8040341236612747
3587,-2.8040341236612747
3588,-2.8040341236612747
3589,-2.8040341236612747
3590,-2.8040341236612747
3591,-2.8040341236612747
3592,-2.8040341236612747
3593,-2.8040341236612747
3594,-2.8040341236612747
3595,-2.8040341236612747
3596,-2.8040341236612747
3597,-2.8040341236612747
3598,-2.8040341236612747
3599,-2.8040341236612747
3600,-2.8040341236612747
3601,-2.8040341236612747
3602,-2.8040341236612747
3603,-2.8040341236612747
3604,-2.8040341236612747
3605,-2.8040341236612747
3606,-2.8040341236612747
3607,-2.8040341236612747
3608,-2.8040341236612747
3609,-2.8040341236612747
3610,-2.8040341236612747
3611,-2.8040341236612747
3612,-2.8040341236612747
3613,-2.8040341236612747
3614,-2.8040341236612747
3615,-2.8040341236612747
3616,-2.8040341236612747
3617,-2.8040341236612747
3618,-2.8040341236612747
3619,-2.8040341236612747
3620,-2.8040341236612747
3621,-2.8040341236612747
3622,-2.8040341236612747
3623,-2.8040341236612747
3624,-2.8040341236612747
3625,-2.8040341236612747
3626,-2.8040341236612747
3627,-2.8040341236612747
3628,-2.8040341236612747
3629,-2.8040341236612747
3630,-2.8040341236612747
3631,-2.8040341236612747
3632,-2.8040341236612747
3633,-2.8040341236612747
3634,-2.8040341236612747
3635,-2.8040341236612747
3636,-2.8040341236612747
3637,-2.8040341236612747
3638,-2.8040341236612747
3639,-2.8040341236612747
3640,-2.8040341236612747
3641,-2.8040341236612747
3642,-2.8040341236612747
3643,-2.8040341236612747
3644,-2.8040341236612747
3645,-2.8040341236612747
3646,-2.8040341236612747
3647,-2.8040341236612747
3648,-2.8040341236612747
3649,-2.8040341236612747
3650,-2.8040341236612747
3651,-2.8040341236612747
3652,-2.8040341236612747
3653,-2.8040341236612747
3654,-2.8040341236612747
3655,-2.8040341236612747
3656,-2.8040341236612747
3657,-2.8040341236612747
3658,-2.8040341236612747
3659,-2.8040341236612747
3660,-2.8040341236612747
3661,-2.8040341236612747
3662,-2.8040341236612747
3663,-2.8040341236612747
3664,-2.8040341236612747
3665,-2.8040341236612747
3666,-2.8040341236612747
3667,-2.8040341236612747
3668,-2.8040341236612747
3669,-2.8040341236612747
3670,-2.8040341236612747
3671,-2.8040341236612747
3672,-2.8040341236612747
3673,-2.8040341236612747
3674,-2.8040341236612747
3675,-2.8040341236612747
3676,-2.8040341236612747
3677,-2.8040341236612747
3678,-2.8040341236612747
3679,-2.8040341236612747
3680,-2.8040341236612747
3681,-2.8040341236612747
3682,-2.8040341236612747
3683,-2.8040341236612747
3684,-2.8040341236612747
3685,-2.8040341236612747
3686,-2.8040341236612747
3687,-2.8040341236612747
3688,-2.8040341236612747
3689,-2.8040341236612747
3690,-2.8040341236612747
3691,-2.8040341236612747
3692,-2.8040341236612747
3693,-2.8040341236612747
3694,-2.8040341236612747
3695,-2.8040341236612747
3696,-2.8040341236612747
3697,-2.8040341236612747
3698,-2.8040341236612747
3699,-2.8040341236612747
3700,-2.8040341236612747
3701,-2.8040341236612747
3702,-2.8040341236612747
3703,-2.8040341236612747
3704,-2.8040341236612747
3705,-2.8040341236612747
3706,-2.8040341236612747
3707,-2.8040341236612747
3708,-2.8040341236612747
3709,-2.8040341236612747
3710,-2.8040341236612747
3711,-2.8040341236612747
3712,-2.8040341236612747
3713,-2.8040341236612747
3714,-2.8040341236612747
3715,-2.8040341236612747
3716,-2.8040341236612747
3717,-2.8040341236612747
3718,-2.8040341236612747
3719,-2.8040341236612747
3720,-2.8040341236612747
3721,-2.8040341236612747
3722,-2.8040341236612747
3723,-2.8040341236612747
3724,-2.8040341236612747
3725,-2.8040341236612747
3726,-2.8040341236612747
3727,-2.8040341236612747
3728,-2.8040341236612747
3729,-2.8040341236612747
3730,-2.8040341236612747
3731,-2.8040341236612747
3732,-2.8040341236612747
3733,-2.8040341236612747
3734,-2.8040341236612747
3735,-2.8040341236612747
3736,-2.8040341236612747
3737,-2.8040341236612747
3738,-2.8040341236612747
3739,-2.8040341236612747
3740,-2.8040341236612747
3741,-2.8040341236612747
3742,-2.8040341236612747
3743,-2.8040341236612747
3744,-2.8040341236612747
3745,-2.8040341236612747
3746,-2.8040341236612747
3747,-2.8040341236612747
3748,-2.8040341236612747
3749,-2.8040341236612747
3750,-2.8040341236612747
3751,-2.8040341236612747
3752,-2.8040341236612747
3753,-2.8040341236612747
3754,-2.8040341236612747
3755,-2.8040341236612747
3756,-2.8040341236612747
3757,-2.8040341236612747
3758,-2.8040341236612747
3759,-2.8040341236612747
3760,-2.8040341236612747
3761,-2.8040341236612747
3762,-2.8040341236612747
3763,-2.8040341236612747
3764,-2.8040341236612747
3765,-2.8040341236612747
3766,-2.8040341236612747
3767,-2.8040341236612747
3768,-2.8040341236612747
3769,-2.8040341236612747
3770,-2.8040341236612747
3771,-2.8040341236612747
3772,-2.8040341236612747
3773,-2.8040341236612747
3774,-2.8040341236612747
3775,-2.8040341236612747
3776,-2.8040341236612747
3777,-2.8040341236612747
3778,-2.8040341236612747
3779,-2.8040341236612747
3780,-2.8040341236612747
3781,-2.8040341236612747
3782,-2.8040341236612747
3783,-2.8040341236612747
3784,-2.8040341236612747
3785,-2.8040341236612747
3786,-2.8040341236612747
3787,-2.8040341236612747
3788,-2.8040341236612747
3789,-2.8040341236612747
3790,-2.8040341236612747
3791,-2.8040341236612747
3792,-2.8040341236612747
3793,-2.8040341236612747
3794,-2.8040341236612747
3795,-2.8040341236612747
3796,-2.8040341236612747
3797,-2.8040341236612747
3798,-2.8040341236612747
3799,-2.8040341236612747
3800,-2.8040341236612747
3801,-2.8040341236612747
3802,-2.8040341236612747
3803,-2.8040341236612747
3804,-2.8040341236612747
3805,-2.8040341236612747
3806,-2.8040341236612747
3807,-2.8040341236612747
3808,-2.8040341236612747
3809,-2.8040341236612747
3810,-2.8040341236612747
3811,-2.8040341236612747
3812,-2.8040341236612747
3813,-2.8040341236612747
3814,-2.8040341236612747
3815,-2.8040341236612747
3816,-2.8040341236612747
3817,-2.8040341236612747
3818,-2.8040341236612747
3819,-2.8040341236612747
3820,-2.8040341236612747
3821,-2.8040341236612747
3822,-2.8040341236612747
3823,-2.8040341236612747
3824,-2.8040341236612747
3825,-2.8040341236612747
3826,-2.8040341236612747
3827,-2.8040341236612747
3828,-2.8040341236612747
3829,-2.8040341236612747
3830,-2.8040341236612747
3831,-2.8040341236612747
3832,-2.8040341236612747
3833,-2.8040341236612747
3834,-2.8040341236612747
3835,-2.8040341236612747
3836,-2.8040341236612747
3837,-2.8040341236612747
3838,-2.8040341236612747
3839,-2.8040341236612747
3840,-2.8040341236612747
3841,-2.8040341236612747
3842,-2.8040341236612747
3843,-2.8040341236612747
3844,-2.8040341236612747
3845,-2.8040341236612747
3846,-2.8040341236612747
3847,-2.8040341236612747
3848,-2.8040341236612747
3849,-2.8040341236612747
3850,-2.8040341236612747
3851,-2.8040341236612747
3852,-2.8040341236612747
3853,-2.8040341236612747
3854,-2.8040341236612747
3855,-2.8040341236612747
3856,-2.8040341236612747
3857,-2.8040341236612747
3858,-2.8040341236612747
3859,-2.8040341236612747
3860,-2.8040341236612747
3861,-2.8040341236612747
3862,-2.8040341236612747
3863,-2.8040341236612747
3864,-2.8040341236612747
3865,-2.8040341236612747
3866,-2.8040341236612747
3867,-2.8040341236612747
3868,-2.8040341236612747
3869,-2.8040341236612747
3870,-2.8040341236612747
3871,-2.8040341236612747
3872,-2.8040341236612747
3873,-2.8040341236612747
3874,-2.8040341236612747
3875,-2.8040341236612747
3876,-2.8040341236612747
3877,-2.8040341236612747
3878,-2.8040341236612747
3879,-2.8040341236612747
3880,-2.8040341236612747
3881,-2.8040341236612747
3882,-2.8040341236612747
3883,-2.8040341236612747
3884,-2.8040341236612747
3885,-2.8040341236612747
3886,-2.8040341236612747
3887,-2.8040341236612747
3888,-2.8040341236612747
3889,-2.8040341236612747
3890,-2.8040341236612747
3891,-2.8040341236612747
3892,-2.8040341236612747
3893,-2.8040341236612747
3894,-2.8040341236612747
3895,-2.8040341236612747
3896,-2.8040341236612747
3897,-2.8040341236612747
3898,-2.8040341236612747
3899,-2.8040341236612747
3900,-2.8040341236612747
3901,-2.8040341236612747
3902,-2.8040341236612747
3903,-2.8040341236612747
3904,-2.8040341236612747
3905,-2.8040341236612747
3906,-2.8040341236612747
3907,-2.8040341236612747
3908,-2.8040341236612747
3909,-2.8040341236612747
3910,-2.8040341236612747
3911,-2.8040341236612747
3912,-2.8040341236612747
3913,-2.8040341236612747
3914,-2.8040341236612747
3915,-2.8040341236612747
3916,-2.8040341236612747
3917,-2.8040341236612747
3918,-2.8040341236612747
3919,-2.8040341236612747
3920,-2.8040341236612747
3921,-2.8040341236612747
3922,-2.8040341236612747
3923,-2.8040341236612747
3924,-2.8040341236612747
3925,-2.8040341236612747
3926,-2.8040341236612747
3927,-2.8040341236612747
3928,-2.8040341236612747
3929,-2.8040341236612747
3930,-2.8040341236612747
3931,-2.8040341236612747
3932,-2.8040341236612747
3933,-2.8040341236612747
3934,-2.8040341236612747
3935,-2.8040341236612747
3936,-2.8040341236612747
3937,-2.8040341236612747
3938,-2.8040341236612747
3939,-2.8040341236612747
3940,-2.8040341236612747
3941,-2.8040341236612747
3942,-2.8040341236612747
3943,-2.8040341236612747
3944,-2.8040341236612747
3945,-2.8040341236612747
3946,-2.8040341236612747
3947,-2.8040341236612747
3948,-2.8040341236612747
3949,-2.8040341236612747
3950,-2.8040341236612747
3951,-2.8040341236612747
3952,-2.8040341236612747
3953,-2.8040341236612747
3954,-2.8040341236612747
3955,-2.8040341236612747
3956,-2.8040341236612747
3957,-2.8040341236612747
3958,-2.8040341236612747
3959,-2.8040341236612747
3960,-2.8040341236612747
3961,-2.8040341236612747
3962,-2.8040341236612747
3963,-2.8040341236612747
3964,-2.8040341236612747
3965,-2.8040341236612747
3966,-2.8040341236612747
3967,-2.8040341236612747
3968,-2.8040341236612747
3969,-2.8040341236612747
3970,-2.8040341236612747
3971,-2.8040341236612747
3972,-2.8040341236612747
3973,-2.8040341236612747
3974,-2.8040341236612747
3975,-2.8040341236612747
3976,-2.8040341236612747
3977,-2.8040341236612747
3978,-2.8040341236612747
3979,-2.8040341236612747
3980,-2.8040341236612747
3981,-2.8040341236612747
3982,-2.8040341236612747
3983,-2.8040341236612747
3984,-2.8040341236612747
3985,-2.8040341236612747
3986,-2.8040341236612747
3987,-2.8040341236612747
3988,-2.8040341236612747
3989,-2.8040341236612747
3990,-2.8040341236612747
3991,-2.8040341236612747
3992,-2.8040341236612747
3993,-2.8040341236612747
3994,-2.8040341236612747
3995,-2.8040341236612747
3996,-2.8040341236612747
3997,-2.8040341236612747
3998,-2.8040341236612747
3999,-2.8040341236612747
4000,-2.8040341236612747
4001,-2.8040341236612747
4002,-2.8040341236612747
4003,-2.8040341236612747
4004,-2.8040341236612747
4005,-2.8040341236612747
4006,-2.8040341236612747
4007,-2.8040341236612747
4008,-2.8040341236612747
4009,-2.8040341236612747
4010,-2.8040341236612747
4011,-2.8040341236612747
4012,-2.8040341236612747
4013,-2.8040341236612747
4014,-2.8040341236612747
4015,-2.8040341236612747
4016,-2.8040341236612747
4017,-2.8040341236612747
4018,-2.8040341236612747
4019,-2.8040341236612747
4020,-2.8040341236612747
4021,-2.8040341236612747
4022,-2.8040341236612747
4023,-2.8040341236612747
4024,-2.8040341236612747
4025,-2.8040341236612747
4026,-2.8040341236612747
4027,-2.8040341236612747
4028,-2.8040341236612747
4029,-2.8040341236612747
4030,-2.8040341236612747
4031,-2.8040341236612747
4032,-2.8040341236612747
4033,-2.8040341236612747
4034,-2.8040341236612747
4035,-2.8040341236612747
4036,-2.8040341236612747
4037,-2.8040341236612747
4038,-2.8040341236612747
4039,-2.8040341236612747
4040,-2.8040341236612747
4041,-2.8040341236612747
4042,-2.8040341236612747
4043,-2.8040341236612747
4044,-2.8040341236612747
4045,-2.8040341236612747
4046,-2.8040341236612747
4047,-2.8040341236612747
4048,-2.8040341236612747
4049,-2.8040341236612747
4050,-2.8040341236612747
4051,-2.8040341236612747
4052,-2.8040341236612747
4053,-2.8040341236612747
4054,-2.8040341236612747
4055,-2.8040341236612747
4056,-2.8040341236612747
4057,-2.8040341236612747
4058,-2.8040341236612747
4059,-2.8040341236612747
4060,-2.8040341236612747
4061,-2.8040341236612747
4062,-2.8040341236612747
4063,-2.8040341236612747
4064,-2.8040341236612747
4065,-2.8040341236612747
4066,-2.8040341236612747
4067,-2.8040341236612747
4068,-2.8040341236612747
4069,-2.8040341236612747
4070,-2.8040341236612747
4071,-2.8040341236612747
4072,-2.8040341236612747
4073,-2.8040341236612747
4074,-2.8040341236612747
4075,-2.8040341236612747
4076,-2.8040341236612747
4077,-2.8040341236612747
4078,-2.8040341236612747
4079,-2.8040341236612747
4080,-2.8040341236612747
4081,-2.8040341236612747
4082,-2.8040341236612747
4083,-2.8040341236612747
4084,-2.8040341236612747
4085,-2.8040341236612747
4086,-2.8040341236612747
4087,-2.8040341236612747
4088,-2.8040341236612747
4089,-2.8040341236612747
4090,-2.8040341236612747
4091,-2.8040341236612747
4092,-2.8040341236612747
4093,-2.8040341236612747
4094,-2.8040341236612747
4095,-2.8040341236612747
4096,-2.8040341236612747
4097,-2.8040341236612747
4098,-2.8040341236612747
4099,-2.8040341236612747
4100,-2.8040341236612747
4101,-2.8040341236612747
4102,-2.8040341236612747
4103,-2.8040341236612747
4104,-2.8040341236612747
4105,-2.8040341236612747
4106,-2.8040341236612747
4107,-2.8040341236612747
4108,-2.8040341236612747
4109,-2.8040341236612747
4110,-2.8040341236612747
4111,-2.8040341236612747
4112,-2.8040341236612747
4113,-2.8040341236612747
4114,-2.8040341236612747
4115,-2.8040341236612747
4116,-2.8040341236612747
4117,-2.8040341236612747
4118,-2.8040341236612747
4119,-2.8040341236612747
4120,-2.8040341236612747
4121,-2.8040341236612747
4122,-2.8040341236612747
4123,-2.8040341236612747
4124,-2.8040341236612747
4125,-2.8040341236612747
4126,-2.8040341236612747
4127,-2.8040341236612747
4128,-2.8040341236612747
4129,-2.8040341236612747
4130,-2.8040341236612747
4131,-2.8040341236612747
4132,-2.8040341236612747
4133,-2.8040341236612747
4134,-2.8040341236612747
4135,-2.8040341236612747
4136,-2.8040341236612747
4137,-2.8040341236612747
4138,-2.8040341236612747
4139,-2.8040341236612747
4140,-2.8040341236612747
4141,-2.8040341236612747
4142,-2.8040341236612747
4143,-2.8040341236612747
4144,-2.8040341236612747
4145,-2.8040341236612747
4146,-2.8040341236612747
4147,-2.8040341236612747
4148,-2.8040341236612747
4149,10.25910369011865
4150,10.25910369011865
4151,10.25910369011865
4152,10.25910369011865
4153,10.25910369011865
4154,10.25910369011865
4155,10.25910369011865
4156,10.25910369011865
4157,10.25910369011865
4158,10.25910369011865
4159,10.25910369011865
4160,10.25910369011865
4161,10.25910369011865
4162,10.25910369011865
4163,10.25910369011865
4164,10.25910369011865
4165,10.25910369011865
4166,10.25910369011865
4167,10.25910369011865
4168,10.25910369011865
4169,10.25910369011865
4170,10.25910369011865
4171,10.25910369011865
4172,10.25910369011865
4173,10.25910369011865
4174,10.25910369011865
4175,10.25910369011865
4176,10.25910369011865
4177,10.25910369011865
4178,10.25910369011865
4179,10.25910369011865
4180,10.25910369011865
4181,10.25910369011865
4182,10.25910369011865
4183,10.25910369011865
4184,10.25910369011865
4185,10.25910369011865
4186,10.25910369011865
4187,10.25910369011865
4188,10.25910369011865
4189,10.25910369011865
4190,10.25910369011865
4191,10.25910369011865
4192,10.25910369011865
4193,10.25910369011865
4194,10.25910369011865
4195,10.25910369011865
4196,10.25910369011865
4197,10.25910369011865
4198,10.25910369011865
4199,10.25910369011865
4200,10.25910369011865
4201,10.25910369011865
4202,10.25910369011865
4203,10.25910369011865
4204,10.25910369011865
4205,10.25910369011865
4206,10.25910369011865
4207,10.25910369011865
4208,10.25910369011865
4209,10.25910369011865
4210,10.25910369011865
4211,10.25910369011865
4212,10.25910369011865
4213,10.25910369011865
4214,10.25910369011865
4215,10.25910369011865
4216,10.25910369011865
4217,10.25910369011865
4218,10.25910369011865
4219,10.25910369011865
4220,10.25910369011865
4221,10.25910369011865
4222,10.25910369011865
4223,10.25910369011865
4224,10.25910369011865
4225,10.25910369011865
4226,10.25910369011865
4227,10.25910369011865
4228,10.25910369011865
4229,10.25910369011865
4230,10.25910369011865
4231,10.25910369011865
4232,10.25910369011865
4233,10.25910369011865
4234,10.25910369011865
4235,10.25910369011865
4236,10.25910369011865
4237,10.25910369011865
4238,10.25910369011865
4239,10.25910369011865
4240,10.25910369011865
4241,10.25910369011865
4242,10.25910369011865
4243,10.25910369011865
4244,10.25910369011865
4245,10.25910369011865
4246,10.25910369011865
4247,10.25910369011865
4248,10.25910369011865
4249,10.25910369011865
4250,10.25910369011865
4251,10.25910369011865
4252,10.25910369011865
4253,10.25910369011865
4254,10.25910369011865
4255,10.25910369011865
4256,10.25910369011865
4257,10.25910369011865
4258,10.25910369011865
4259,10.25910369011865
4260,10.25910369011865
4261,10.25910369011865
4262,10.25910369011865
4263,10.25910369011865
4264,10.25910369011865
4265,10.25910369011865
4266,10.25910369011865
4267,10.25910369011865
4268,10.25910369011865
4269,10.25910369011865
4270,10.25910369011865
4271,10.25910369011865
4272,10.25910369011865
4273,10.25910369011865
4274,10.25910369011865
4275,10.25910369011865
4276,10.25910369011865
4277,10.25910369011865
4278,10.25910369011865
4279,10.25910369011865
4280,10.25910369011865
4281,10.25910369011865
4282,10.25910369011865
4283,10.25910369011865
4284,10.25910369011865
4285,10.25910369011865
4286,10.25910369011865
4287,10.25910369011865
4288,10.25910369011865
4289,10.25910369011865
4290,10.25910369011865
4291,10.25910369011865
4292,10.25910369011865
4293,10.25910369011865
4294,10.25910369011865
4295,10.25910369011865
4296,10.25910369011865
4297,10.25910369011865
4298,10.25910369011865
4299,10.25910369011865
4300,10.25910369011865
4301,10.25910369011865
4302,10.25910369011865
4303,10.25910369011865
4304,10.25910369011865
4305,10.25910369011865
4306,10.25910369011865
4307,10.25910369011865
4308,10.25910369011865
4309,10.25910369011865
4310,10.25910369011865
4311,10.25910369011865
4312,10.25910369011865
4313,10.25910369011865
4314,10.25910369011865
4315,10.25910369011865
4316,10.25910369011865
4317,10.25910369011865
4318,10.25910369011865
4319,10.25910369011865
4320,10.25910369011865
4321,10.25910369011865
4322,10.25910369011865
4323,10.25910369011865
4324,10.25910369011865
4325,10.25910369011865
4326,10.25910369011865
4327,10.25910369011865
4328,10.25910369011865
4329,10.25910369011865
4330,10.25910369011865
4331,10.25910369011865
4332,10.25910369011865
4333,10.25910369011865
4334,10.25910369011865
4335,10.25910369011865
4336,10.25910369011865
4337,10.25910369011865
4338,10.25910369011865
4339,10.25910369011865
4340,10.25910369011865
4341,10.25910369011865
4342,10.25910369011865
4343,10.25910369011865
4344,10.25910369011865
4345,10.25910369011865
4346,10.25910369011865
4347,10.25910369011865
4348,10.25910369011865
4349,10.25910369011865
4350,10.25910369011865
4351,10.25910369011865
4352,10.25910369011865
4353,10.25910369011865
4354,10.25910369011865
4355,10.25910369011865
4356,10.25910369011865
4357,10.25910369011865
4358,10.25910369011865
4359,10.25910369011865
4360,10.25910369011865
4361,10.25910369011865
4362,10.25910369011865
4363,10.25910369011865
4364,10.25910369011865
4365,10.25910369011865
4366,10.25910369011865
4367,10.25910369011865
4368,10.25910369011865
4369,10.25910369011865
4370,10.25910369011865
4371,10.25910369011865
4372,10.25910369011865
4373,10.25910369011865
4374,10.25910369011865
4375,10.25910369011865
4376,10.25910369011865
4377,10.25910369011865
4378,10.25910369011865
4379,10.25910369011865
4380,10.25910369011865
4381,10.25910369011865
4382,10.25910369011865
4383,10.25910369011865
4384,12.125266234944354
4385,12.125266234944354
4386,12.125266234944354
4387,12.125266234944354
4388,12.125266234944354
4389,12.125266234944354
4390,12.125266234944354
4391,12.125266234944354
4392,12.125266234944354
4393,12.125266234944354
4394,12.125266234944354
4395,12.125266234944354
4396,12.125266234944354
4397,12.125266234944354
4398,12.125266234944354
4399,12.125266234944354
4400,12.125266234944354
4401,12.125266234944354
4402,12.125266234944354
4403,12.125266234944354
4404,12.125266234944354
4405,12.125266234944354
4406,12.125266234944354
4407,12.125266234944354
4408,12.125266234944354
4409,12.125266234944354
4410,12.125266234944354
4411,12.125266234944354
4412,12.125266234944354
4413,12.125266234944354
4414,12.125266234944354
4415,12.125266234944354
4416,12.125266234944354
4417,12.125266234944354
4418,12.125266234944354
4419,12.125266234944354
4420,12.125266234944354
4421,12.125266234944354
4422,12.125266234944354
4423,12.125266234944354
4424,12.125266234944354
4425,12.125266234944354
4426,12.125266234944354
4427,12.125266234944354
4428,12.125266234944354
4429,12.125266234944354
4430,12.125266234944354
4431,12.125266234944354
4432,12.125266234944354
4433,12.125266234944354
4434,12.125266234944354
4435,12.125266234944354
4436,12.125266234944354
4437,12.125266234944354
4438,12.125266234944354
4439,12.125266234944354
4440,12.125266234944354
4441,12.125266234944354
4442,12.125266234944354
4443,12.125266234944354
4444,12.125266234944354
4445,12.125266234944354
4446,12.125266234944354
4447,12.125266234944354
4448,12.125266234944354
4449,12.125266234944354
4450,12.125266234944354
4451,12.125266234944354
4452,12.125266234944354
4453,12.125266234944354
4454,12.125266234944354
4455,12.125266234944354
4456,12.125266234944354
4457,12.125266234944354
4458,12.125266234944354
4459,12.125266234944354
4460,12.125266234944354
4461,12.125266234944354
4462,12.125266234944354
4463,12.125266234944354
4464,12.125266234944354
4465,12.125266234944354
4466,12.125266234944354
4467,12.125266234944354
4468,12.125266234944354
4469,12.125266234944354
4470,12.125266234944354
4471,12.125266234944354
4472,12.125266234944354
4473,12.125266234944354
4474,12.125266234944354
4475,12.125266234944354
4476,12.125266234944354
4477,12.125266234944354
4478,12.125266234944354
4479,12.125266234944354
4480,12.125266234944354
4481,12.125266234944354
4482,12.125266234944354
4483,12.125266234944354
4484,12.125266234944354
4485,12.125266234944354
4486,12.125266234944354
4487,12.125266234944354
4488,12.125266234944354
4489,12.125266234944354
4490,12.125266234944354
4491,12.125266234944354
4492,12.125266234944354
4493,12.125266234944354
4494,12.125266234944354
4495,12.125266234944354
4496,12.125266234944354
4497,12.125266234944354
4498,12.125266234944354
4499,12.125266234944354
4500,12.125266234944354
4501,12.125266234944354
4502,12.125266234944354
4503,12.125266234944354
4504,12.125266234944354
4505,12.125266234944354
4506,12.125266234944354
4507,12.125266234944354
4508,12.125266234944354
4509,12.125266234944354
4510,12.125266234944354
4511,12.125266234944354
4512,12.125266234944354
4513,12.125266234944354
4514,12.125266234944354
4515,12.125266234944354
4516,12.125266234944354
4517,12.125266234944354
4518,12.125266234944354
4519,12.125266234944354
4520,12.125266234944354
4521,12.125266234944354
4522,12.125266234944354
4523,12.125266234944354
4524,12.125266234944354
4525,12.125266234944354
4526,12.125266234944354
4527,12.125266234944354
4528,12.125266234944354
4529,12.125266234944354
4530,12.125266234944354
4531,12.125266234944354
4532,12.125266234944354
4533,12.125266234944354
4534,12.125266234944354
4535,12.125266234944354
4536,12.125266234944354
4537,12.125266234944354
4538,12.125266234944354
4539,12.125266234944354
4540,12.125266234944354
4541,12.125266234944354
4542,12.125266234944354
4543,12.125266234944354
4544,12.125266234944354
4545,12.125266234944354
4546,12.125266234944354
4547,12.125266234944354
4548,12.125266234944354
4549,12.125266234944354
4550,12.125266234944354
4551,12.125266234944354
4552,12.125266234944354
4553,12.125266234944354
4554,12.125266234944354
4555,12.125266234944354
4556,12.125266234944354
4557,12.125266234944354
4558,12.125266234944354
4559,12.125266234944354
4560,12.125266234944354
4561,12.125266234944354
4562,12.125266234944354
4563,12.125266234944354
4564,12.125266234944354
4565,12.125266234944354
4566,12.125266234944354
4567,12.125266234944354
4568,12.125266234944354
4569,12.125266234944354
4570,12.125266234944354
4571,12.125266234944354
4572,12.125266234944354
4573,12.125266234944354
4574,12.125266234944354
4575,12.125266234944354
4576,12.125266234944354
4577,12.125266234944354
4578,12.125266234944354
4579,12.125266234944354
4580,12.125266234944354
4581,12.125266234944354
4582,12.125266234944354
4583,12.125266234944354
4584,12.125266234944354
4585,12.125266234944354
4586,12.125266234944354
4587,12.125266234944354
4588,12.125266234944354
4589,12.125266234944354
4590,12.125266234944354
4591,12.125266234944354
4592,12.125266234944354
4593,12.125266234944354
4594,12.125266234944354
4595,12.125266234944354
4596,12.125266234944354
4597,12.125266234944354
4598,12.125266234944354
4599,12.125266234944354
4600,12.125266234944354
4601,12.125266234944354
4602,12.125266234944354
4603,12.125266234944354
4604,12.125266234944354
4605,12.125266234944354
4606,12.125266234944354
4607,12.125266234944354
4608,12.125266234944354
4609,12.125266234944354
4610,12.125266234944354
4611,12.125266234944354
4612,12.125266234944354
4613,12.125266234944354
4614,12.125266234944354
4615,12.125266234944354
4616,12.125266234944354
4617,12.125266234944354
4618,12.125266234944354
4619,12.125266234944354
4620,12.125266234944354
4621,12.125266234944354
4622,12.125266234944354
4623,12.125266234944354
4624,12.125266234944354
4625,12.125266234944354
4626,12.125266234944354
4627,12.125266234944354
4628,12.125266234944354
4629,12.125266234944354
4630,-9.802143666757662
4631,-9.802143666757662
4632,-9.802143666757662
4633,-9.802143666757662
4634,-9.802143666757662
4635,-9.802143666757662
4636,-9.802143666757662
4637,-9.802143666757662
4638,-9.802143666757662
4639,-9.802143666757662
4640,-9.802143666757662
4641,-9.802143666757662
4642,-9.802143666757662
4643,-9.802143666757662
4644,-9.802143666757662
4645,-9.802143666757662
4646,-9.802143666757662
4647,-9.802143666757662
4648,-9.802143666757662
4649,-9.802143666757662
4650,-9.802143666757662
4651,-9.802143666757662
4652,-9.802143666757662
4653,-9.802143666757662
4654,-9.802143666757662
4655,-9.802143666757662
4656,-9.802143666757662
4657,-9.802143666757662
4658,-9.802143666757662
4659,-9.802143666757662
4660,-9.802143666757662
4661,-9.802143666757662
4662,-9.802143666757662
4663,-9.802143666757662
4664,-9.802143666757662
4665,-9.802143666757662
4666,-9.802143666757662
4667,-9.802143666757662
4668,-9.802143666757662
4669,-9.802143666757662
4670,-9.802143666757662
4671,-9.802143666757662
4672,-9.802143666757662
4673,-9.802143666757662
4674,-9.802143666757662
4675,-9.802143666757662
4676,-9.802143666757662
4677,-9.802143666757662
4678,-9.802143666757662
4679,-9.802143666757662
4680,-9.802143666757662
4681,-9.802143666757662
4682,-9.802143666757662
4683,-9.802143666757662
4684,-9.802143666757662
4685,-9.802143666757662
4686,-9.802143666757662
4687,-9.802143666757662
4688,-9.802143666757662
4689,-9.802143666757662
4690,-9.802143666757662
4691,-9.802143666757662
4692,-9.802143666757662
4693,-9.802143666757662
4694,-9.802143666757662
4695,-9.802143666757662
4696,-9.802143666757662
4697,-9.802143666757662
4698,-9.802143666757662
4699,-9.802143666757662
4700,-9.802143666757662
4701,-9.802143666757662
4702,-9.802143666757662
4703,-9.802143666757662
4704,-9.802143666757662
4705,-9.802143666757662
4706,-9.802143666757662
4707,-9.802143666757662
4708,-9.802143666757662
4709,-9.802143666757662
4710,-9.802143666757662
4711,-9.802143666757662
4712,-9.802143666757662
4713,-9.802143666757662
4714,-9.802143666757662
4715,-9.802143666757662
4716,-9.802143666757662
4717,-9.802143666757662
4718,-9.802143666757662
4719,-9.802143666757662
4720,-9.802143666757662
4721,-9.802143666757662
4722,-9.802143666757662
4723,-9.802143666757662
4724,-9.802143666757662
4725,-9.802143666757662
4726,-9.802143666757662
4727,-9.802143666757662
4728,-9.802143666757662
4729,-9.802143666757662
4730,-9.802143666757662
4731,-9.802143666757662
4732,-9.802143666757662
4733,-9.802143666757662
4734,-9.802143666757662
4735,-9.802143666757662
4736,-9.802143666757662
4737,-9.802143666757662
4738,-9.802143666757662
4739,-9.802143666757662
4740,-9.802143666757662
4741,-9.802143666757662
4742,-9.802143666757662
4743,-9.802143666757662
4744,-9.802143666757662
4745,-9.802143666757662
4746,-9.802143666757662
4747,-9.802143666757662
4748,-9.802143666757662
4749,-9.802143666757662
4750,-9.802143666757662
4751,-9.802143666757662
4752,-9.802143666757662
4753,-9.802143666757662
4754,-9.802143666757662
4755,-9.802143666757662
4756,-9.802143666757662
4757,-9.802143666757662
4758,-9.802143666757662
4759,-9.802143666757662
4760,-9.802143666757662
4761,-9.802143666757662
4762,-9.802143666757662
4763,-9.802143666757662
4764,-9.802143666757662
4765,-9.802143666757662
4766,-9.802143666757662
4767,-9.802143666757662
4768,-9.802143666757662
4769,-9.802143666757662
4770,-9.802143666757662
4771,-9.802143666757662
4772,-9.802143666757662
4773,-9.802143666757662
4774,-9.802143666757662
4775,-9.802143666757662
4776,-9.802143666757662
4777,-9.802143666757662
4778,-9.802143666757662
4779,-9.802143666757662
4780,-9.802143666757662
4781,-9.802143666757662
4782,-9.802143666757662
4783,-9.802143666757662
4784,-9.802143666757662
4785,-9.802143666757662
4786,-9.802143666757662
4787,-9.802143666757662
4788,-9.802143666757662
4789,-9.802143666757662
4790,-9.802143666757662
4791,-9.802143666757662
4792,-9.802143666757662
4793,-9.802143666757662
4794,-9.802143666757662
4795,-9.802143666757662
4796,-9.802143666757662
4797,-9.802143666757662
4798,-9.802143666757662
4799,-9.802143666757662
4800,-9.802143666757662
4801,-9.802143666757662
4802,-9.802143666757662
4803,-9.802143666757662
4804,-9.802143666757662
4805,-9.802143666757662
4806,-9.802143666757662
4807,-9.802143666757662
4808,-9.802143666757662
4809,-9.802143666757662
4810,-9.802143666757662
4811,-9.802143666757662
4812,-9.802143666757662
4813,-9.802143666757662
4814,-9.802143666757662
4815,-9.802143666757662
4816,-9.802143666757662
4817,-9.802143666757662
4818,-9.802143666757662
4819,-9.802143666757662
4820,-9.802143666757662
4821,-9.802143666757662
4822,-9.802143666757662
4823,-9.802143666757662
4824,-9.802143666757662
4825,-9.802143666757662
4826,-9.802143666757662
4827,-9.802143666757662
4828,-9.802143666757662
4829,-9.802143666757662
4830,-9.802143666757662
4831,-9.802143666757662
4832,-9.802143666757662
4833,-9.802143666757662
4834,-9.802143666757662
4835,-9.802143666757662
4836,-9.802143666757662
4837,-9.802143666757662
4838,-9.802143666757662
4839,-9.802143666757662
4840,-9.802143666757662
4841,-9.802143666757662
4842,-9.802143666757662
4843,-9.802143666757662
4844,-9.802143666757662
4845,-9.802143666757662
4846,-9.802143666757662
4847,-9.802143666757662
4848,-9.802143666757662
4849,-9.802143666757662
4850,-9.802143666757662
4851,-9.802143666757662
4852,-9.802143666757662
4853,-9.802143666757662
4854,-9.802143666757662
4855,-9.802143666757662
4856,-9.802143666757662
4857,-9.802143666757662
4858,-9.802143666757662
4859,-9.802143666757662
4860,-9.802143666757662
4861,-9.802143666757662
4862,-9.802143666757662
4863,-9.802143666757662
4864,-9.802143666757662
4865,-9.802143666757662
4866,-9.802143666757662
4867,-9.802143666757662
4868,-9.802143666757662
4869,-9.802143666757662
4870,-9.802143666757662
4871,-9.802143666757662
4872,-9.802143666757662
4873,-9.802143666757662
4874,-9.802143666757662
4875,-9.802143666757662
4876,-9.802143666757662
4877,-9.802143666757662
4878,-9.802143666757662
4879,-9.802143666757662
4880,-9.802143666757662
4881,-9.802143666757662
4882,-9.802143666757662
4883,-9.802143666757662
4884,-9.802143666757662
4885,-9.802143666757662
4886,-9.802143666757662
4887,-9.802143666757662
4888,-9.802143666757662
4889,-9.802143666757662
4890,-9.802143666757662
4891,-9.802143666757662
4892,-9.802143666757662
4893,-9.802143666757662
4894,-9.802143666757662
4895,-9.802143666757662
4896,-9.802143666757662
4897,-9.802143666757662
4898,-9.802143666757662
4899,-9.802143666757662
4900,-9.802143666757662
4901,-9.802143666757662
4902,-9.802143666757662
4903,-9.802143666757662
4904,-9.802143666757662
4905,-9.802143666757662
4906,-9.802143666757662
4907,-9.802143666757662
4908,-9.802143666757662
4909,-9.802143666757662
4910,-9.802143666757662
4911,-9.802143666757662
4912,-9.802143666757662
4913,-9.802143666757662
4914,-9.802143666757662
4915,-9.802143666757662
4916,-9.802143666757662
4917,-9.802143666757662
4918,-9.802143666757662
4919,-9.802143666757662
4920,-9.802143666757662
4921,-9.802143666757662
4922,-9.802143666757662
4923,-9.802143666757662
4924,-9.802143666757662
4925,-9.802143666757662
4926,-9.802143666757662
4927,-9.802143666757662
4928,-9.802143666757662
4929,-9.802143666757662
4930,-9.802143666757662
4931,-9.802143666757662
4932,-9.802143666757662
4933,-9.802143666757662
4934,-9.802143666757662
4935,-9.802143666757662
4936,-9.802143666757662
4937,-9.802143666757662
4938,-9.802143666757662
4939,-9.802143666757662
4940,-9.802143666757662
4941,-9.802143666757662
4942,-9.802143666757662
4943,-9.802143666757662
4944,-9.802143666757662
4945,-9.802143666757662
4946,-9.802143666757662
4947,-9.802143666757662
4948,-9.802143666757662
4949,-9.802143666757662
4950,-9.802143666757662
4951,-9.802143666757662
4952,-9.802143666757662
4953,-9.802143666757662
4954,-9.802143666757662
4955,-9.802143666757662
4956,-9.802143666757662
4957,-9.802143666757662
4958,-9.802143666757662
4959,-9.802143666757662
4960,-9.802143666757662
4961,-9.802143666757662
4962,-9.802143666757662
4963,-9.802143666757662
4964,-9.802143666757662
4965,-9.802143666757662
4966,-9.802143666757662
4967,-9.802143666757662
4968,-9.802143666757662
4969,-9.802143666757662
4970,-9.802143666757662
4971,-9.802143666757662
4972,-9.802143666757662
4973,-9.802143666757662
4974,-9.802143666757662
4975,-9.802143666757662
4976,-9.802143666757662
4977,-9.802143666757662
4978,-9.802143666757662
4979,-9.802143666757662
4980,-9.802143666757662
4981,-9.802143666757662
4982,-9.802143666757662
4983,-9.802143666757662
4984,-9.802143666757662
4985,-9.802143666757662
4986,-9.802143666757662
4987,-9.802143666757662
4988,-9.802143666757662
4989,-9.802143666757662
4990,-9.802143666757662
4991,-9.802143666757662
4992,-9.802143666757662
4993,-9.802143666757662
4994,-9.802143666757662
4995,-9.802143666757662
4996,-9.802143666757662
4997,-9.802143666757662
4998,-9.802143666757662
4999,-9.802143666757662
5000,-9.802143666757662
5001,-9.802143666757662
5002,-9.802143666757662
5003,-9.802143666757662
5004,-9.802143666757662
5005,-9.802143666757662
5006,-9.802143666757662
5007,-9.802143666757662
5008,-9.802143666757662
5009,-9.802143666757662
5010,-9.802143666757662
5011,-9.802143666757662
5012,-9.802143666757662
5013,-9.802143666757662
5014,-9.802143666757662
5015,-9.802143666757662
5016,-9.802143666757662
5017,-9.802143666757662
5018,-9.802143666757662
5019,-9.802143666757662
5020,-9.802143666757662
5021,-9.802143666757662
5022,-9.802143666757662
5023,-9.802143666757662
5024,-9.802143666757662
5025,-9.802143666757662
5026,-9.802143666757662
5027,-9.802143666757662
5028,-9.802143666757662
5029,-9.802143666757662
5030,-9.802143666757662
5031,-9.802143666757662
5032,-9.802143666757662
5033,-9.802143666757662
5034,-9.802143666757662
5035,-9.802143666757662
5036,-9.802143666757662
5037,-9.802143666757662
5038,-9.802143666757662
5039,-9.802143666757662
5040,-9.802143666757662
5041,-9.802143666757662
5042,-9.802143666757662
5043,-9.802143666757662
5044,-9.802143666757662
5045,-9.802143666757662
5046,-9.802143666757662
5047,-9.802143666757662
5048,-9.802143666757662
5049,-9.802143666757662
5050,-9.802143666757662
5051,-9.802143666757662
5052,-9.802143666757662
5053,-9.802143666757662
5054,-9.802143666757662
5055,-9.802143666757662
5056,-9.802143666757662
5057,-9.802143666757662
5058,-9.802143666757662
5059,-9.802143666757662
5060,-9.802143666757662
5061,-9.802143666757662
5062,-9.802143666757662
5063,-9.802143666757662
5064,-9.802143666757662
5065,-9.802143666757662
5066,-9.802143666757662
5067,-9.802143666757662
5068,-9.802143666757662
5069,-9.802143666757662
5070,-9.802143666757662
5071,-9.802143666757662
5072,-9.802143666757662
5073,-9.802143666757662
5074,-9.802143666757662
5075,-9.802143666757662
5076,-9.802143666757662
5077,-9.802143666757662
5078,-9.802143666757662
5079,-9.802143666757662
5080,-9.802143666757662
5081,-9.802143666757662
5082,-9.802143666757662
5083,-9.802143666757662
5084,-9.802143666757662
5085,-9.802143666757662
5086,-9.802143666757662
5087,-9.802143666757662
5088,-9.802143666757662
5089,-9.802143666757662
5090,-9.802143666757662
5091,-9.802143666757662
5092,-9.802143666757662
5093,-9.802143666757662
5094,-9.802143666757662
5095,-9.802143666757662
5096,-9.802143666757662
5097,-9.802143666757662
5098,-9.802143666757662
5099,-9.802143666757662
5100,-9.802143666757662
5101,-9.802143666757662
5102,-9.802143666757662
5103,-9.802143666757662
5104,-9.802143666757662
5105,-9.802143666757662
5106,-9.802143666757662
5107,-9.802143666757662
5108,-9.802143666757662
5109,-9.802143666757662
5110,-9.802143666757662
5111,-9.802143666757662
5112,-9.802143666757662
5113,-9.802143666757662
5114,-9.802143666757662
5115,-9.802143666757662
5116,-9.802143666757662
5117,-9.802143666757662
5118,-9.802143666757662
5119,-9.802143666757662
5120,-9.802143666757662
5121,-9.802143666757662
5122,-9.802143666757662
5123,-9.802143666757662
5124,-9.802143666757662
5125,-9.802143666757662
5126,-9.802143666757662
5127,-9.802143666757662
5128,-9.802143666757662
5129,-9.802143666757662
5130,-9.802143666757662
5131,-9.802143666757662
5132,-9.802143666757662
5133,-9.802143666757662
5134,-9.802143666757662
5135,-9.802143666757662
5136,5.593697328054391
5137,5.593697328054391
5138,5.593697328054391
5139,5.593697328054391
5140,5.593697328054391
5141,5.593697328054391
5142,5.593697328054391
5143,5.593697328054391
5144,5.593697328054391
5145,5.593697328054391
5146,5.593697328054391
5147,5.593697328054391
5148,5.593697328054391
5149,5.593697328054391
5150,5.593697328054391
5151,5.593697328054391
5152,5.593697328054391
5153,5.593697328054391
5154,5.593697328054391
5155,5.593697328054391
5156,5.593697328054391
5157,5.593697328054391
5158,5.593697328054391
5159,5.593697328054391
5160,5.593697328054391
5161,5.593697328054391
5162,5.593697328054391
5163,5.593697328054391
5164,5.593697328054391
5165,5.593697328054391
5166,5.593697328054391
5167,5.593697328054391
5168,5.593697328054391
5169,5.593697328054391
5170,5.593697328054391
5171,5.593697328054391
5172,5.593697328054391
5173,5.593697328054391
5174,5.593697328054391
5175,5.593697328054391
5176,5.593697328054391
5177,5.593697328054391
5178,5.593697328054391
5179,5.593697328054391
5180,5.593697328054391
5181,5.593697328054391
5182,5.593697328054391
5183,5.593697328054391
5184,5.593697328054391
5185,5.593697328054391
5186,5.593697328054391
5187,5.593697328054391
5188,5.593697328054391
5189,5.593697328054391
5190,5.593697328054391
5191,5.593697328054391
5192,5.593697328054391
5193,5.593697328054391
5194,5.593697328054391
5195,5.593697328054391
5196,5.593697328054391
5197,5.593697328054391
5198,5.593697328054391
5199,5.593697328054391
5200,5.593697328054391
5201,5.593697328054391
5202,5.593697328054391
5203,5.593697328054391
5204,5.593697328054391
5205,5.593697328054391
5206,5.593697328054391
5207,5.593697328054391
5208,5.593697328054391
5209,5.593697328054391
5210,5.593697328054391
5211,5.593697328054391
5212,5.593697328054391
5213,5.593697328054391
5214,5.593697328054391
5215,5.593697328054391
5216,5.593697328054391
5217,5.593697328054391
5218,5.593697328054391
5219,5.593697328054391
5220,5.593697328054391
5221,5.593697328054391
5222,5.593697328054391
5223,5.593697328054391
5224,5.593697328054391
5225,5.593697328054391
5226,5.593697328054391
5227,5.593697328054391
5228,5.593697328054391
5229,5.593697328054391
5230,5.593697328054391
5231,5.593697328054391
5232,5.593697328054391
5233,5.593697328054391
5234,5.593697328054391
5235,5.593697328054391
5236,5.593697328054391
5237,5.593697328054391
5238,5.593697328054391
5239,5.593697328054391
5240,5.593697328054391
5241,5.593697328054391
5242,5.593697328054391
5243,5.593697328054391
5244,5.593697328054391
5245,5.593697328054391
5246,5.593697328054391
5247,5.593697328054391
5248,5.593697328054391
5249,5.593697328054391
5250,5.593697328054391
5251,5.593697328054391
5252,5.593697328054391
5253,5.593697328054391
5254,5.593697328054391
5255,5.593697328054391
5256,5.593697328054391
5257,5.593697328054391
5258,5.593697328054391
5259,5.593697328054391
5260,5.593697328054391
5261,5.593697328054391
5262,5.593697328054391
5263,5.593697328054391
5264,5.593697328054391
5265,5.593697328054391
5266,5.593697328054391
5267,5.593697328054391
5268,5.593697328054391
5269,5.593697328054391
5270,5.593697328054391
5271,5.593697328054391
5272,5.593697328054391
5273,5.593697328054391
5274,5.593697328054391
5275,5.593697328054391
5276,5.593697328054391
5277,5.593697328054391
5278,5.593697328054391
5279,5.593697328054391
5280,5.593697328054391
5281,5.593697328054391
5282,5.593697328054391
5283,5.593697328054391
5284,5.593697328054391
5285,5.593697328054391
5286,5.593697328054391
5287,5.593697328054391
5288,5.593697328054391
5289,5.593697328054391
5290,5.593697328054391
5291,5.593697328054391
5292,5.593697328054391
5293,5.593697328054391
5294,5.593697328054391
5295,5.593697328054391
5296,5.593697328054391
5297,5.593697328054391
5298,5.593697328054391
5299,5.593697328054391
5300,5.593697328054391
5301,5.593697328054391
5302,5.593697328054391
5303,5.593697328054391
5304,5.593697328054391
5305,5.593697328054391
5306,5.593697328054391
5307,5.593697328054391
5308,5.593697328054391
5309,5.593697328054391
5310,5.593697328054391
5311,5.593697328054391
5312,5.593697328054391
5313,5.593697328054391
5314,5.593697328054391
5315,5.593697328054391
5316,5.593697328054391
5317,5.593697328054391
5318,5.593697328054391
5319,5.593697328054391
5320,5.593697328054391
5321,5.593697328054391
5322,5.593697328054391
5323,5.593697328054391
5324,5.593697328054391
5325,5.593697328054391
5326,5.593697328054391
5327,5.593697328054391
5328,5.593697328054391
5329,5.593697328054391
5330,5.593697328054391
5331,5.593697328054391
5332,5.593697328054391
5333,5.593697328054391
5334,5.593697328054391
5335,5.593697328054391
5336,5.593697328054391
5337,5.593697328054391
5338,5.593697328054391
5339,5.593697328054391
5340,5.593697328054391
5341,5.593697328054391
5342,5.593697328054391
5343,5.593697328054391
5344,5.593697328054391
5345,5.593697328054391
5346,5.593697328054391
5347,5.593697328054391
5348,5.593697328054391
5349,5.593697328054391
5350,5.593697328054391
5351,5.593697328054391
5352,5.593697328054391
5353,5.593697328054391
5354,5.593697328054391
5355,5.593697328054391
5356,5.593697328054391
5357,5.593697328054391
5358,5.593697328054391
5359,5.593697328054391
5360,5.593697328054391
5361,5.593697328054391
5362,5.593697328054391
5363,5.593697328054391
5364,5.593697328054391
5365,5.593697328054391
5366,5.593697328054391
5367,5.593697328054391
5368,5.593697328054391
5369,5.593697328054391
5370,5.593697328054391
5371,5.593697328054391
5372,5.593697328054391
5373,5.593697328054391
5374,5.593697328054391
5375,5.593697328054391
5376,5.593697328054391
5377,5.593697328054391
5378,5.593697328054391
5379,5.593697328054391
5380,5.593697328054391
5381,5.593697328054391
5382,5.593697328054391
5383,5.593697328054391
5384,5.593697328054391
5385,5.593697328054391
5386,5.593697328054391
5387,5.593697328054391
5388,5.593697328054391
5389,5.593697328054391
5390,5.593697328054391
5391,5.593697328054391
5392,5.593697328054391
5393,5.593697328054391
5394,5.593697328054391
5395,5.593697328054391
5396,5.593697328054391
5397,5.593697328054391
5398,5.593697328054391
5399,5.593697328054391
5400,5.593697328054391
5401,5.593697328054391
5402,5.593697328054391
5403,5.593697328054391
5404,5.593697328054391
5405,5.593697328054391
5406,5.593697328054391
5407,5.593697328054391
5408,5.593697328054391
5409,5.593697328054391
5410,5.593697328054391
5411,5.593697328054391
5412,5.593697328054391
5413,5.593697328054391
5414,5.593697328054391
5415,5.593697328054391
5416,5.593697328054391
5417,5.593697328054391
5418,5.593697328054391
5419,5.593697328054391
5420,5.593697328054391
5421,5.593697328054391
5422,5.593697328054391
5423,5.593697328054391
5424,5.593697328054391
5425,5.593697328054391
5426,5.593697328054391
5427,5.593697328054391
5428,5.593697328054391
5429,5.593697328054391
5430,5.593697328054391
5431,5.593697328054391
5432,5.593697328054391
5433,5.593697328054391
5434,5.593697328054391
5435,5.593697328054391
5436,5.593697328054391
5437,5.593697328054391
5438,5.593697328054391
5439,5.593697328054391
5440,5.593697328054391
5441,5.593697328054391
5442,5.593697328054391
5443,5.593697328054391
5444,5.593697328054391
5445,5.593697328054391
5446,5.593697328054391
5447,5.593697328054391
5448,5.593697328054391
5449,5.593697328054391
5450,5.593697328054391
5451,5.593697328054391
5452,5.593697328054391
5453,5.593697328054391
5454,5.593697328054391
5455,5.593697328054391
5456,5.593697328054391
5457,5.593697328054391
5458,5.593697328054391
5459,5.593697328054391
5460,5.593697328054391
5461,5.593697328054391
5462,5.593697328054391
5463,5.593697328054391
5464,5.593697328054391
5465,5.593697328054391
5466,5.593697328054391
5467,5.593697328054391
5468,5.593697328054391
5469,5.593697328054391
5470,5.593697328054391
5471,5.593697328054391
5472,5.593697328054391
5473,5.593697328054391
5474,5.593697328054391
5475,5.593697328054391
5476,5.593697328054391
5477,5.593697328054391
5478,5.593697328054391
5479,5.593697328054391
5480,5.593697328054391
5481,5.593697328054391
5482,5.593697328054391
5483,5.593697328054391
5484,5.593697328054391
5485,5.593697328054391
5486,5.593697328054391
5487,5.593697328054391
5488,5.593697328054391
5489,5.593697328054391
5490,5.593697328054391
5491,5.593697328054391
5492,5.593697328054391
5493,5.593697328054391
5494,5.593697328054391
5495,5.593697328054391
5496,5.593697328054391
5497,5.593697328054391
5498,5.593697328054391
5499,5.593697328054391
5500,5.593697328054391
5501,5.593697328054391
5502,5.593697328054391
5503,5.593697328054391
5504,5.593697328054391
5505,5.593697328054391
5506,5.593697328054391
5507,5.593697328054391
5508,5.593697328054391
5509,5.593697328054391
5510,5.593697328054391
5511,5.593697328054391
5512,5.593697328054391
5513,5.593697328054391
5514,5.593697328054391
5515,5.593697328054391
5516,5.593697328054391
5517,5.593697328054391
5518,5.593697328054391
5519,5.593697328054391
5520,5.593697328054391
5521,5.593697328054391
5522,5.593697328054391
5523,5.593697328054391
5524,5.593697328054391
5525,5.593697328054391
5526,5.593697328054391
5527,5.593697328054391
5528,5.593697328054391
5529,5.593697328054391
5530,5.593697328054391
5531,5.593697328054391
5532,5.593697328054391
5533,5.593697328054391
5534,5.593697328054391
5535,5.593697328054391
5536,5.593697328054391
5537,5.593697328054391
5538,5.593697328054391
5539,5.593697328054391
5540,5.593697328054391
5541,5.593697328054391
5542,5.593697328054391
5543,5.593697328054391
5544,5.593697328054391
5545,5.593697328054391
5546,5.593697328054391
5547,5.593697328054391
5548,5.593697328054391
5549,5.593697328054391
5550,5.593697328054391
5551,5.593697328054391
5552,5.593697328054391
5553,5.593697328054391
5554,5.593697328054391
5555,5.593697328054391
5556,5.593697328054391
5557,5.593697328054391
5558,5.593697328054391
5559,5.593697328054391
5560,5.593697328054391
5561,5.593697328054391
5562,5.593697328054391
5563,5.593697328054391
5564,5.593697328054391
5565,5.593697328054391
5566,5.593697328054391
5567,5.593697328054391
5568,5.593697328054391
5569,5.593697328054391
5570,5.593697328054391
5571,5.593697328054391
5572,5.593697328054391
5573,5.593697328054391
5574,5.593697328054391
5575,5.593697328054391
5576,5.593697328054391
5577,5.593697328054391
5578,5.593697328054391
5579,5.593697328054391
5580,5.593697328054391
5581,5.593697328054391
5582,5.593697328054391
5583,5.593697328054391
5584,5.593697328054391
5585,5.593697328054391
5586,5.593697328054391
5587,5.593697328054391
5588,5.593697328054391
5589,5.593697328054391
5590,5.593697328054391
5591,5.593697328054391
5592,5.593697328054391
5593,5.593697328054391
5594,5.593697328054391
5595,5.593697328054391
5596,5.593697328054391
5597,5.593697328054391
5598,5.593697328054391
5599,5.593697328054391
5600,5.593697328054391
5601,5.593697328054391
5602,5.593697328054391
5603,5.593697328054391
5604,5.593697328054391
5605,5.593697328054391
5606,5.593697328054391
5607,5.593697328054391
5608,5.593697328054391
5609,5.593697328054391
5610,5.593697328054391
5611,5.593697328054391
5612,5.593697328054391
5613,5.593697328054391
5614,5.593697328054391
5615,5.593697328054391
5616,5.593697328054391
5617,5.593697328054391
5618,5.593697328054391
5619,5.593697328054391
5620,5.593697328054391
5621,5.593697328054391
5622,5.593697328054391
5623,5.593697328054391
5624,5.593697328054391
5625,5.593697328054391
5626,5.593697328054391
5627,5.593697328054391
5628,5.593697328054391
5629,5.593697328054391
5630,5.593697328054391
5631,5.593697328054391
5632,5.593697328054391
5633,5.593697328054391
5634,5.593697328054391
5635,5.593697328054391
5636,5.593697328054391
5637,5.593697328054391
5638,5.593697328054391
5639,5.593697328054391
5640,5.593697328054391
5641,5.593697328054391
5642,5.593697328054391
5643,5.593697328054391
5644,5.593697328054391
5645,5.593697328054391
5646,5.593697328054391
5647,5.593697328054391
5648,5.593697328054391
5649,5.593697328054391
5650,5.593697328054391
5651,5.593697328054391
5652,5.593697328054391
5653,5.593697328054391
5654,5.593697328054391
5655,5.593697328054391
5656,5.593697328054391
5657,5.593697328054391
5658,5.593697328054391
5659,5.593697328054391
5660,5.593697328054391
5661,5.593697328054391
5662,5.593697328054391
5663,5.593697328054391
5664,5.593697328054391
5665,5.593697328054391
5666,5.593697328054391
5667,5.593697328054391
5668,5.593697328054391
5669,5.593697328054391
5670,5.593697328054391
5671,5.593697328054391
5672,5.593697328054391
5673,5.593697328054391
5674,5.593697328054391
5675,5.593697328054391
5676,5.593697328054391
5677,5.593697328054391
5678,5.593697328054391
5679,5.593697328054391
5680,5.593697328054391
5681,5.593697328054391
5682,5.593697328054391
5683,5.593697328054391
5684,5.593697328054391
5685,5.593697328054391
5686,5.593697328054391
5687,5.593697328054391
5688,5.593697328054391
5689,5.593697328054391
5690,5.593697328054391
5691,5.593697328054391
5692,5.593697328054391
5693,5.593697328054391
5694,5.593697328054391
5695,5.593697328054391
5696,5.593697328054391
5697,5.593697328054391
5698,5.593697328054391
5699,5.593697328054391
5700,5.593697328054391
5701,5.593697328054391
5702,5.593697328054391
5703,5.593697328054391
5704,5.593697328054391
5705,5.593697328054391
5706,5.593697328054391
5707,5.593697328054391
5708,5.593697328054391
5709,5.593697328054391
5710,5.593697328054391
5711,5.593697328054391
5712,5.593697328054391
5713,5.593697328054391
5714,5.593697328054391
5715,5.593697328054391
5716,5.593697328054391
5717,5.593697328054391
5718,5.593697328054391
5719,5.593697328054391
5720,5.593697328054391
5721,5.593697328054391
5722,5.593697328054391
5723,5.593697328054391
5724,5.593697328054391
5725,5.593697328054391
5726,5.593697328054391
5727,5.593697328054391
5728,5.593697328054391
5729,5.593697328054391
5730,5.593697328054391
5731,5.593697328054391
5732,5.593697328054391
5733,5.593697328054391
5734,5.593697328054391
5735,5.593697328054391
5736,5.593697328054391
5737,5.593697328054391
5738,5.593697328054391
5739,5.593697328054391
5740,5.593697328054391
5741,5.593697328054391
5742,5.593697328054391
5743,5.593697328054391
5744,5.593697328054391
5745,5.593697328054391
5746,5.593697328054391
5747,5.593697328054391
5748,5.593697328054391
5749,5.593697328054391
5750,5.593697328054391
5751,5.593697328054391
5752,5.593697328054391
5753,5.593697328054391
5754,5.593697328054391
5755,5.593697328054391
5756,5.593697328054391
5757,5.593697328054391
5758,5.593697328054391
5759,5.593697328054391
5760,5.593697328054391
5761,5.593697328054391
5762,5.593697328054391
5763,5.593697328054391
5764,5.593697328054391
5765,5.593697328054391
5766,5.593697328054391
5767,5.593697328054391
5768,5.593697328054391
5769,5.593697328054391
5770,5.593697328054391
5771,5.593697328054391
5772,5.593697328054391
5773,5.593697328054391
5774,5.593697328054391
5775,5.593697328054391
5776,5.593697328054391
5777,5.593697328054391
5778,5.593697328054391
5779,5.593697328054391
5780,5.593697328054391
5781,5.593697328054391
5782,5.593697328054391
5783,5.593697328054391
5784,5.593697328054391
5785,5.593697328054391
5786,5.593697328054391
5787,5.593697328054391
5788,5.593697328054391
5789,5.593697328054391
5790,5.593697328054391
5791,5.593697328054391
5792,5.593697328054391
5793,5.593697328054391
5794,5.593697328054391
5795,5.593697328054391
5796,5.593697328054391
5797,5.593697328054391
5798,5.593697328054391
5799,5.593697328054391
5800,5.593697328054391
5801,5.593697328054391
5802,5.593697328054391
5803,5.593697328054391
5804,5.593697328054391
5805,5.593697328054391
5806,5.593697328054391
5807,5.593697328054391
5808,5.593697328054391
5809,5.593697328054391
5810,5.593697328054391
5811,5.593697328054391
5812,5.593697328054391
5813,5.593697328054391
5814,5.593697328054391
5815,5.593697328054391
5816,5.593697328054391
5817,5.593697328054391
5818,5.593697328054391
5819,5.593697328054391
5820,5.593697328054391
5821,5.593697328054391
5822,5.593697328054391
5823,5.593697328054391
5824,5.593697328054391
5825,5.593697328054391
5826,5.593697328054391
5827,5.593697328054391
5828,5.593697328054391
5829,5.593697328054391
5830,5.593697328054391
5831,5.593697328054391
5832,5.593697328054391
5833,5.593697328054391
5834,5.593697328054391
5835,5.593697328054391
5836,5.593697328054391
5837,5.593697328054391
5838,5.593697328054391
5839,5.593697328054391
5840,5.593697328054391
5841,5.593697328054391
5842,5.593697328054391
5843,5.593697328054391
5844,5.593697328054391
5845,5.593697328054391
5846,5.593697328054391
5847,5.593697328054391
5848,5.593697328054391
5849,5.593697328054391
5850,5.593697328054391
5851,5.593697328054391
5852,5.593697328054391
5853,5.593697328054391
5854,5.593697328054391
5855,5.593697328054391
5856,5.593697328054391
5857,5.593697328054391
5858,5.593697328054391
5859,5.593697328054391
5860,5.593697328054391
5861,5.593697328054391
5862,5.593697328054391
5863,5.593697328054391
5864,5.593697328054391
5865,5.593697328054391
5866,5.593697328054391
5867,5.593697328054391
5868,5.593697328054391
5869,5.593697328054391
5870,5.593697328054391
5871,5.593697328054391
5872,5.593697328054391
5873,5.593697328054391
5874,5.593697328054391
5875,5.593697328054391
5876,5.593697328054391
5877,5.593697328054391
5878,5.593697328054391
5879,5.593697328054391
5880,5.593697328054391
5881,5.593697328054391
5882,5.593697328054391
5883,5.593697328054391
5884,5.593697328054391
5885,5.593697328054391
5886,5.593697328054391
5887,5.593697328054391
5888,5.593697328054391
5889,5.593697328054391
5890,5.593697328054391
5891,5.593697328054391
5892,5.593697328054391
5893,5.593697328054391
5894,5.593697328054391
5895,5.593697328054391
5896,5.593697328054391
5897,5.593697328054391
5898,5.593697328054391
5899,5.593697328054391
5900,5.593697328054391
5901,5.593697328054391
5902,5.593697328054391
5903,5.593697328054391
5904,5.593697328054391
5905,5.593697328054391
5906,5.593697328054391
5907,5.593697328054391
5908,5.593697328054391
5909,5.593697328054391
5910,5.593697328054391
5911,5.593697328054391
5912,5.593697328054391
5913,5.593697328054391
5914,5.593697328054391
5915,5.593697328054391
5916,5.593697328054391
5917,5.593697328054391
5918,5.593697328054391
5919,5.593697328054391
5920,5.593697328054391
5921,5.593697328054391
5922,5.593697328054391
5923,5.593697328054391
5924,5.593697328054391
5925,5.593697328054391
5926,5.593697328054391
5927,5.593697328054391
5928,5.593697328054391
5929,5.593697328054391
5930,5.593697328054391
5931,5.593697328054391
5932,5.593697328054391
5933,5.593697328054391
5934,5.593697328054391
5935,5.593697328054391
5936,5.593697328054391
5937,5.593697328054391
5938,5.593697328054391
5939,5.593697328054391
5940,5.593697328054391
5941,5.593697328054391
5942,5.593697328054391
5943,5.593697328054391
5944,5.593697328054391
5945,5.593697328054391
5946,5.593697328054391
5947,5.593697328054391
5948,5.593697328054391
5949,5.593697328054391
5950,5.593697328054391
5951,5.593697328054391
5952,5.593697328054391
5953,5.593697328054391
5954,5.593697328054391
5955,5.593697328054391
5956,5.593697328054391
5957,5.593697328054391
5958,5.593697328054391
5959,5.593697328054391
5960,5.593697328054391
5961,5.593697328054391
5962,5.593697328054391
5963,5.593697328054391
5964,5.593697328054391
5965,5.593697328054391
5966,5.593697328054391
5967,5.593697328054391
5968,5.593697328054391
5969,5.593697328054391
5970,5.593697328054391
5971,5.593697328054391
5972,5.593697328054391
5973,5.593697328054391
5974,5.593697328054391
5975,5.593697328054391
5976,5.593697328054391
5977,5.593697328054391
5978,5.593697328054391
5979,5.593697328054391
5980,5.593697328054391
5981,5.593697328054391
5982,5.593697328054391
5983,5.593697328054391
5984,5.593697328054391
5985,5.593697328054391
5986,5.593697328054391
5987,5.593697328054391
5988,5.593697328054391
5989,5.593697328054391
5990,5.593697328054391
5991,5.593697328054391
5992,5.593697328054391
5993,5.593697328054391
5994,5.593697328054391
5995,5.593697328054391
5996,5.593697328054391
5997,5.593697328054391
5998,5.593697328054391
5999,5.593697328054391
6000,5.593697328054391
6001,5.593697328054391
6002,5.593697328054391
6003,5.593697328054391
6004,5.593697328054391
6005,5.593697328054391
6006,5.593697328054391
6007,5.593697328054391
6008,5.593697328054391
6009,5.593697328054391
6010,5.593697328054391
6011,5.593697328054391
6012,5.593697328054391
6013,5.593697328054391
6014,5.593697328054391
6015,5.593697328054391
6016,5.593697328054391
6017,5.593697328054391
6018,5.593697328054391
6019,5.593697328054391
6020,5.593697328054391
6021,5.593697328054391
6022,5.593697328054391
6023,5.593697328054391
6024,5.593697328054391
6025,5.593697328054391
6026,5.593697328054391
6027,5.593697328054391
6028,5.593697328054391
6029,5.593697328054391
6030,5.593697328054391
6031,5.593697328054391
6032,5.593697328054391
6033,5.593697328054391
6034,5.593697328054391
6035,5.593697328054391
6036,5.593697328054391
6037,5.593697328054391
6038,5.593697328054391
6039,5.593697328054391
6040,5.593697328054391
6041,5.593697328054391
6042,5.593697328054391
6043,5.593697328054391
6044,5.593697328054391
6045,5.593697328054391
6046,5.593697328054391
6047,5.593697328054391
6048,5.593697328054391
6049,5.593697328054391
6050,5.593697328054391
6051,5.593697328054391
6052,5.593697328054391
6053,5.593697328054391
6054,5.593697328054391
6055,5.593697328054391
6056,5.593697328054391
6057,5.593697328054391
6058,5.593697328054391
6059,5.593697328054391
6060,5.593697328054391
6061,5.593697328054391
6062,5.593697328054391
6063,5.593697328054391
6064,5.593697328054391
6065,5.593697328054391
6066,5.593697328054391
6067,5.593697328054391
6068,5.593697328054391
6069,5.593697328054391
6070,5.593697328054391
6071,5.593697328054391
6072,5.593697328054391
6073,5.593697328054391
6074,5.593697328054391
6075,5.593697328054391
6076,5.593697328054391
6077,5.593697328054391
6078,5.593697328054391
6079,5.593697328054391
6080,5.593697328054391
6081,5.593697328054391
6082,5.593697328054391
6083,5.593697328054391
6084,5.593697328054391
6085,5.593697328054391
6086,5.593697328054391
6087,5.593697328054391
6088,5.593697328054391
6089,5.593697328054391
6090,5.593697328054391
6091,5.593697328054391
6092,5.593697328054391
6093,5.593697328054391
6094,5.593697328054391
6095,5.593697328054391
6096,5.593697328054391
6097,5.593697328054391
6098,5.593697328054391
6099,5.593697328054391
6100,5.593697328054391
6101,5.593697328054391
6102,5.593697328054391
6103,5.593697328054391
6104,5.593697328054391
6105,5.593697328054391
6106,5.593697328054391
6107,5.593697328054391
6108,5.593697328054391
6109,5.593697328054391
6110,5.593697328054391
6111,5.593697328054391
6112,5.593697328054391
6113,5.593697328054391
6114,5.593697328054391
6115,5.593697328054391
6116,5.593697328054391
6117,5.593697328054391
6118,5.593697328054391
6119,5.593697328054391
6120,5.593697328054391
6121,5.593697328054391
6122,5.593697328054391
6123,5.593697328054391
6124,5.593697328054391
6125,5.593697328054391
6126,5.593697328054391
6127,5.593697328054391
6128,5.593697328054391
6129,5.593697328054391
6130,5.593697328054391
6131,5.593697328054391
6132,5.593697328054391
6133,5.593697328054391
6134,5.593697328054391
6135,5.593697328054391
6136,5.593697328054391
6137,5.593697328054391
6138,5.593697328054391
6139,5.593697328054391
6140,5.593697328054391
6141,5.593697328054391
6142,5.593697328054391
6143,5.593697328054391
6144,5.593697328054391
6145,5.593697328054391
6146,5.593697328054391
6147,5.593697328054391
6148,5.593697328054391
6149,5.593697328054391
6150,5.593697328054391
6151,5.593697328054391
6152,5.593697328054391
6153,5.593697328054391
6154,5.593697328054391
6155,5.593697328054391
6156,5.593697328054391
6157,5.593697328054391
6158,5.593697328054391
6159,5.593697328054391
6160,5.593697328054391
6161,5.593697328054391
6162,5.593697328054391
6163,5.593697328054391
6164,5.593697328054391
6165,5.593697328054391
6166,5.593697328054391
6167,5.593697328054391
6168,5.593697328054391
6169,5.593697328054391
6170,5.593697328054391
6171,5.593697328054391
6172,5.593697328054391
6173,5.593697328054391
6174,5.593697328054391
6175,5.593697328054391
6176,5.593697328054391
6177,5.593697328054391
6178,5.593697328054391
6179,5.593697328054391
6180,5.593697328054391
6181,5.593697328054391
6182,5.593697328054391
6183,5.593697328054391
6184,5.593697328054391
6185,5.593697328054391
6186,5.593697328054391
6187,5.593697328054391
6188,5.593697328054391
6189,5.593697328054391
6190,5.593697328054391
6191,5.593697328054391
6192,5.593697328054391
6193,5.593697328054391
6194,5.593697328054391
6195,5.593697328054391
6196,5.593697328054391
6197,5.593697328054391
6198,5.593697328054391
6199,5.593697328054391
6200,5.593697328054391
6201,5.593697328054391
6202,5.593697328054391
6203,5.593697328054391
6204,5.593697328054391
6205,5.593697328054391
6206,5.593697328054391
6207,5.593697328054391
6208,5.593697328054391
6209,5.593697328054391
6210,5.593697328054391
6211,5.593697328054391
6212,5.593697328054391
6213,5.593697328054391
6214,5.593697328054391
6215,5.593697328054391
6216,5.593697328054391
6217,5.593697328054391
6218,5.593697328054391
6219,5.593697328054391
6220,5.593697328054391
6221,5.593697328054391
6222,5.593697328054391
6223,5.593697328054391
6224,5.593697328054391
6225,5.593697328054391
6226,5.593697328054391
6227,5.593697328054391
6228,5.593697328054391
6229,5.593697328054391
6230,5.593697328054391
6231,5.593697328054391
6232,5.593697328054391
6233,5.593697328054391
6234,5.593697328054391
6235,5.593697328054391
6236,5.593697328054391
6237,5.593697328054391
6238,5.593697328054391
6239,5.593697328054391
6240,5.593697328054391
6241,5.593697328054391
6242,5.593697328054391
6243,5.593697328054391
6244,5.593697328054391
6245,5.593697328054391
6246,5.593697328054391
6247,5.593697328054391
6248,5.593697328054391
6249,5.593697328054391
6250,5.593697328054391
6251,5.593697328054391
6252,5.593697328054391
6253,5.593697328054391
6254,5.593697328054391
6255,5.593697328054391
6256,5.593697328054391
6257,5.593697328054391
6258,5.593697328054391
6259,5.593697328054391
6260,5.593697328054391
6261,5.593697328054391
6262,5.593697328054391
6263,5.593697328054391
6264,5.593697328054391
6265,5.593697328054391
6266,5.593697328054391
6267,5.593697328054391
6268,5.593697328054391
6269,5.593697328054391
6270,5.593697328054391
6271,5.593697328054391
6272,5.593697328054391
6273,5.593697328054391
6274,5.593697328054391
6275,5.593697328054391
6276,5.593697328054391
6277,5.593697328054391
6278,5.593697328054391
6279,5.593697328054391
6280,5.593697328054391
6281,5.593697328054391
6282,5.593697328054391
6283,5.593697328054391
6284,5.593697328054391
6285,5.593697328054391
6286,5.593697328054391
6287,5.593697328054391
6288,5.593697328054391
6289,5.593697328054391
6290,5.593697328054391
6291,5.593697328054391
6292,5.593697328054391
6293,5.593697328054391
6294,5.593697328054391
6295,5.593697328054391
6296,5.593697328054391
6297,5.593697328054391
6298,5.593697328054391
6299,5.593697328054391
6300,5.593697328054391
6301,5.593697328054391
6302,5.593697328054391
6303,5.593697328054391
6304,5.593697328054391
6305,5.593697328054391
6306,5.593697328054391
6307,5.593697328054391
6308,5.593697328054391
6309,5.593697328054391
6310,5.593697328054391
6311,5.593697328054391
6312,5.593697328054391
6313,5.593697328054391
6314,5.593697328054391
6315,5.593697328054391
6316,5.593697328054391
6317,5.593697328054391
6318,5.593697328054391
6319,5.593697328054391
6320,5.593697328054391
6321,5.593697328054391
6322,5.593697328054391
6323,5.593697328054391
6324,5.593697328054391
6325,5.593697328054391
6326,5.593697328054391
6327,5.593697328054391
6328,5.593697328054391
6329,5.593697328054391
6330,5.593697328054391
6331,5.593697328054391
6332,5.593697328054391
6333,5.593697328054391
6334,5.593697328054391
6335,5.593697328054391
6336,5.593697328054391
6337,5.593697328054391
6338,5.593697328054391
6339,5.593697328054391
6340,5.593697328054391
6341,5.593697328054391
6342,5.593697328054391
6343,5.593697328054391
6344,5.593697328054391
6345,5.593697328054391
6346,5.593697328054391
6347,5.593697328054391
6348,5.593697328054391
6349,5.593697328054391
6350,5.593697328054391
6351,5.593697328054391
6352,5.593697328054391
6353,5.593697328054391
6354,5.593697328054391
6355,5.593697328054391
6356,5.593697328054391
6357,5.593697328054391
6358,5.593697328054391
6359,5.593697328054391
6360,5.593697328054391
6361,5.593697328054391
6362,5.593697328054391
6363,5.593697328054391
6364,5.593697328054391
6365,5.593697328054391
6366,5.593697328054391
6367,5.593697328054391
6368,5.593697328054391
6369,5.593697328054391
6370,5.593697328054391
6371,5.593697328054391
6372,5.593697328054391
6373,5.593697328054391
6374,5.593697328054391
6375,5.593697328054391
6376,5.593697328054391
6377,5.593697328054391
6378,5.593697328054391
6379,5.593697328054391
6380,5.593697328054391
6381,5.593697328054391
6382,5.593697328054391
6383,5.593697328054391
6384,5.593697328054391
6385,5.593697328054391
6386,5.593697328054391
6387,5.593697328054391
6388,5.593697328054391
6389,5.593697328054391
6390,5.593697328054391
6391,5.593697328054391
6392,5.593697328054391
6393,5.593697328054391
6394,5.593697328054391
6395,5.593697328054391
6396,5.593697328054391
6397,5.593697328054391
6398,5.593697328054391
6399,5.593697328054391
6400,5.593697328054391
6401,5.593697328054391
6402,5.593697328054391
6403,5.593697328054391
6404,5.593697328054391
6405,5.593697328054391
6406,5.593697328054391
6407,5.593697328054391
6408,5.593697328054391
6409,5.593697328054391
6410,5.593697328054391
6411,5.593697328054391
6412,5.593697328054391
6413,5.593697328054391
6414,5.593697328054391
6415,5.593697328054391
6416,5.593697328054391
6417,5.593697328054391
6418,5.593697328054391
6419,5.593697328054391
6420,5.593697328054391
6421,5.593697328054391
6422,5.593697328054391
6423,5.593697328054391
6424,5.593697328054391
6425,5.593697328054391
6426,5.593697328054391
6427,5.593697328054391
6428,5.593697328054391
6429,5.593697328054391
6430,5.593697328054391
6431,5.593697328054391
6432,5.593697328054391
6433,5.593697328054391
6434,5.593697328054391
6435,5.593697328054391
6436,5.593697328054391
6437,5.593697328054391
6438,5.593697328054391
6439,5.593697328054391
6440,5.593697328054391
6441,5.593697328054391
6442,5.593697328054391
6443,5.593697328054391
6444,5.593697328054391
6445,5.593697328054391
6446,5.593697328054391
6447,5.593697328054391
6448,5.593697328054391
6449,5.593697328054391
6450,5.593697328054391
6451,5.593697328054391
6452,5.593697328054391
6453,5.593697328054391
6454,5.593697328054391
6455,5.593697328054391
6456,5.593697328054391
6457,5.593697328054391
6458,5.593697328054391
6459,5.593697328054391
6460,5.593697328054391
6461,5.593697328054391
6462,5.593697328054391
6463,5.593697328054391
6464,5.593697328054391
6465,5.593697328054391
6466,5.593697328054391
6467,5.593697328054391
6468,5.593697328054391
6469,5.593697328054391
6470,5.593697328054391
6471,5.593697328054391
6472,5.593697328054391
6473,5.593697328054391
6474,5.593697328054391
6475,5.593697328054391
6476,5.593697328054391
6477,5.593697328054391
6478,5.593697328054391
6479,5.593697328054391
6480,5.593697328054391
6481,5.593697328054391
6482,5.593697328054391
6483,5.593697328054391
6484,5.593697328054391
6485,5.593697328054391
6486,5.593697328054391
6487,5.593697328054391
6488,5.593697328054391
6489,5.593697328054391
6490,5.593697328054391
6491,5.593697328054391
6492,5.593697328054391
6493,5.593697328054391
6494,5.593697328054391
6495,5.593697328054391
6496,5.593697328054391
6497,5.593697328054391
6498,5.593697328054391
6499,5.593697328054391
6500,5.593697328054391
6501,5.593697328054391
6502,5.593697328054391
6503,5.593697328054391
6504,5.593697328054391
6505,5.593697328054391
6506,5.593697328054391
6507,5.593697328054391
6508,5.593697328054391
6509,5.593697328054391
6510,5.593697328054391
6511,5.593697328054391
6512,5.593697328054391
6513,5.593697328054391
6514,5.593697328054391
6515,5.593697328054391
6516,5.593697328054391
6517,5.593697328054391
6518,5.593697328054391
6519,5.593697328054391
6520,5.593697328054391
6521,5.593697328054391
6522,5.593697328054391
6523,5.593697328054391
6524,5.593697328054391
6525,5.593697328054391
6526,5.593697328054391
6527,5.593697328054391
6528,5.593697328054391
6529,5.593697328054391
6530,5.593697328054391
6531,5.593697328054391
6532,5.593697328054391
6533,5.593697328054391
6534,5.593697328054391
6535,5.593697328054391
6536,5.593697328054391
6537,5.593697328054391
6538,5.593697328054391
6539,5.593697328054391
6540,5.593697328054391
6541,5.593697328054391
6542,5.593697328054391
6543,5.593697328054391
6544,5.593697328054391
6545,5.593697328054391
6546,5.593697328054391
6547,5.593697328054391
6548,5.593697328054391
6549,5.593697328054391
6550,5.593697328054391
6551,5.593697328054391
6552,5.593697328054391
6553,5.593697328054391
6554,5.593697328054391
6555,5.593697328054391
6556,5.593697328054391
6557,5.593697328054391
6558,5.593697328054391
6559,5.593697328054391
6560,5.593697328054391
6561,5.593697328054391
6562,5.593697328054391
6563,5.593697328054391
6564,5.593697328054391
6565,5.593697328054391
6566,5.593697328054391
6567,5.593697328054391
6568,5.593697328054391
6569,5.593697328054391
6570,5.593697328054391
6571,5.593697328054391
6572,5.593697328054391
6573,5.593697328054391
6574,5.593697328054391
6575,5.593697328054391
6576,5.593697328054391
6577,5.593697328054391
6578,5.593697328054391
6579,5.593697328054391
6580,5.593697328054391
6581,5.593697328054391
6582,5.593697328054391
6583,5.593697328054391
6584,5.593697328054391
6585,5.593697328054391
6586,5.593697328054391
6587,5.593697328054391
6588,5.593697328054391
6589,5.593697328054391
6590,5.593697328054391
6591,5.593697328054391
6592,5.593697328054391
6593,5.593697328054391
6594,5.593697328054391
6595,5.593697328054391
6596,5.593697328054391
6597,5.593697328054391
6598,5.593697328054391
6599,5.593697328054391
6600,5.593697328054391
6601,5.593697328054391
6602,5.593697328054391
6603,5.593697328054391
6604,5.593697328054391
6605,5.593697328054391
6606,5.593697328054391
6607,5.593697328054391
6608,5.593697328054391
6609,5.593697328054391
6610,5.593697328054391
6611,5.593697328054391
6612,5.593697328054391
6613,5.593697328054391
6614,5.593697328054391
6615,5.593697328054391
6616,5.593697328054391
6617,5.593697328054391
6618,5.593697328054391
6619,5.593697328054391
6620,5.593697328054391
6621,5.593697328054391
6622,5.593697328054391
6623,5.593697328054391
6624,5.593697328054391
6625,5.593697328054391
6626,5.593697328054391
6627,5.593697328054391
6628,5.593697328054391
6629,5.593697328054391
6630,5.593697328054391
6631,5.593697328054391
6632,5.593697328054391
6633,5.593697328054391
6634,5.593697328054391
6635,5.593697328054391
6636,5.593697328054391
6637,5.593697328054391
6638,5.593697328054391
6639,5.593697328054391
6640,5.593697328054391
6641,5.593697328054391
6642,5.593697328054391
6643,5.593697328054391
6644,5.593697328054391
6645,5.593697328054391
6646,5.593697328054391
6647,5.593697328054391
6648,5.593697328054391
6649,5.593697328054391
6650,5.593697328054391
6651,5.593697328054391
6652,5.593697328054391
6653,5.593697328054391
6654,5.593697328054391
6655,5.593697328054391
6656,5.593697328054391
6657,5.593697328054391
6658,5.593697328054391
6659,5.593697328054391
6660,5.593697328054391
6661,5.593697328054391
6662,5.593697328054391
6663,5.593697328054391
6664,5.593697328054391
6665,5.593697328054391
6666,5.593697328054391
6667,5.593697328054391
6668,5.593697328054391
6669,5.593697328054391
6670,5.593697328054391
6671,5.593697328054391
6672,5.593697328054391
6673,5.593697328054391
6674,5.593697328054391
6675,5.593697328054391
6676,5.593697328054391
6677,5.593697328054391
6678,5.593697328054391
6679,5.593697328054391
6680,5.593697328054391
6681,5.593697328054391
6682,5.593697328054391
6683,5.593697328054391
6684,5.593697328054391
6685,5.593697328054391
6686,5.593697328054391
6687,5.593697328054391
6688,5.593697328054391
6689,5.593697328054391
6690,5.593697328054391
6691,5.593697328054391
6692,5.593697328054391
6693,5.593697328054391
6694,5.593697328054391
6695,5.593697328054391
6696,5.593697328054391
6697,5.593697328054391
6698,5.593697328054391
6699,5.593697328054391
6700,5.593697328054391
6701,5.593697328054391
6702,5.593697328054391
6703,5.593697328054391
6704,5.593697328054391
6705,5.593697328054391
6706,5.593697328054391
6707,5.593697328054391
6708,5.593697328054391
6709,5.593697328054391
6710,5.593697328054391
6711,5.593697328054391
6712,5.593697328054391
6713,5.593697328054391
6714,5.593697328054391
6715,5.593697328054391
6716,5.593697328054391
6717,5.593697328054391
6718,5.593697328054391
6719,5.593697328054391
6720,5.593697328054391
6721,5.593697328054391
6722,5.593697328054391
6723,5.593697328054391
6724,5.593697328054391
6725,5.593697328054391
6726,5.593697328054391
6727,5.593697328054391
6728,5.593697328054391
6729,5.593697328054391
6730,5.593697328054391
6731,5.593697328054391
6732,5.593697328054391
6733,5.593697328054391
6734,5.593697328054391
6735,5.593697328054391
6736,5.593697328054391
6737,5.593697328054391
6738,5.593697328054391
6739,5.593697328054391
6740,5.593697328054391
6741,5.593697328054391
6742,5.593697328054391
6743,5.593697328054391
6744,5.593697328054391
6745,5.593697328054391
6746,5.593697328054391
6747,5.593697328054391
6748,5.593697328054391
6749,5.593697328054391
6750,5.593697328054391
6751,5.593697328054391
6752,5.593697328054391
6753,5.593697328054391
6754,5.593697328054391
6755,5.593697328054391
6756,5.593697328054391
6757,5.593697328054391
6758,5.593697328054391
6759,5.593697328054391
6760,5.593697328054391
6761,5.593697328054391
6762,5.593697328054391
6763,5.593697328054391
6764,5.593697328054391
6765,5.593697328054391
6766,5.593697328054391
6767,5.593697328054391
6768,5.593697328054391
6769,5.593697328054391
6770,5.593697328054391
6771,5.593697328054391
6772,5.593697328054391
6773,5.593697328054391
6774,5.593697328054391
6775,5.593697328054391
6776,5.593697328054391
6777,5.593697328054391
6778,5.593697328054391
6779,5.593697328054391
6780,5.593697328054391
6781,5.593697328054391
6782,5.593697328054391
6783,5.593697328054391
6784,5.593697328054391
6785,5.593697328054391
6786,5.593697328054391
6787,5.593697328054391
6788,5.593697328054391
6789,5.593697328054391
6790,5.593697328054391
6791,5.593697328054391
6792,5.593697328054391
6793,5.593697328054391
6794,5.593697328054391
6795,5.593697328054391
6796,5.593697328054391
6797,5.593697328054391
6798,5.593697328054391
6799,5.593697328054391
6800,5.593697328054391
6801,5.593697328054391
6802,5.593697328054391
6803,5.593697328054391
6804,5.593697328054391
6805,5.593697328054391
6806,5.593697328054391
6807,5.593697328054391
6808,5.593697328054391
6809,5.593697328054391
6810,5.593697328054391
6811,5.593697328054391
6812,5.593697328054391
6813,5.593697328054391
6814,5.593697328054391
6815,5.593697328054391
6816,5.593697328054391
6817,5.593697328054391
6818,5.593697328054391
6819,5.593697328054391
6820,5.593697328054391
6821,5.593697328054391
6822,5.593697328054391
6823,5.593697328054391
6824,5.593697328054391
6825,5.593697328054391
6826,5.593697328054391
6827,5.593697328054391
6828,5.593697328054391
6829,5.593697328054391
6830,5.593697328054391
6831,5.593697328054391
6832,5.593697328054391
6833,5.593697328054391
6834,5.593697328054391
6835,5.593697328054391
6836,5.593697328054391
6837,5.593697328054391
6838,5.593697328054391
6839,5.593697328054391
6840,5.593697328054391
6841,5.593697328054391
6842,5.593697328054391
6843,5.593697328054391
6844,5.593697328054391
6845,5.593697328054391
6846,5.593697328054391
6847,5.593697328054391
6848,5.593697328054391
6849,5.593697328054391
6850,5.593697328054391
6851,5.593697328054391
6852,5.593697328054391
6853,5.593697328054391
6854,5.593697328054391
6855,5.593697328054391
6856,5.593697328054391
6857,5.593697328054391
6858,5.593697328054391
6859,5.593697328054391
6860,5.593697328054391
6861,5.593697328054391
6862,5.593697328054391
6863,5.593697328054391
6864,5.593697328054391
6865,5.593697328054391
6866,5.593697328054391
6867,5.593697328054391
6868,5.593697328054391
6869,5.593697328054391
6870,5.593697328054391
6871,5.593697328054391
6872,5.593697328054391
6873,5.593697328054391
6874,5.593697328054391
6875,5.593697328054391
6876,5.593697328054391
6877,5.593697328054391
6878,5.593697328054391
6879,5.593697328054391
6880,5.593697328054391
6881,5.593697328054391
6882,5.593697328054391
6883,5.593697328054391
6884,5.593697328054391
6885,5.593697328054391
6886,5.593697328054391
6887,5.593697328054391
6888,5.593697328054391
6889,5.593697328054391
6890,5.593697328054391
6891,5.593697328054391
6892,5.593697328054391
6893,5.593697328054391
6894,5.593697328054391
6895,5.593697328054391
6896,5.593697328054391
6897,5.593697328054391
6898,5.593697328054391
6899,5.593697328054391
6900,5.593697328054391
6901,5.593697328054391
6902,5.593697328054391
6903,5.593697328054391
6904,5.593697328054391
6905,5.593697328054391
6906,5.593697328054391
6907,5.593697328054391
6908,5.593697328054391
6909,5.593697328054391
6910,5.593697328054391
6911,5.593697328054391
6912,5.593697328054391
6913,5.593697328054391
6914,5.593697328054391
6915,5.593697328054391
6916,5.593697328054391
6917,5.593697328054391
6918,5.593697328054391
6919,5.593697328054391
6920,5.593697328054391
6921,5.593697328054391
6922,5.593697328054391
6923,5.593697328054391
6924,5.593697328054391
6925,5.593697328054391
6926,5.593697328054391
6927,5.593697328054391
6928,5.593697328054391
6929,5.593697328054391
6930,5.593697328054391
6931,5.593697328054391
6932,5.593697328054391
6933,5.593697328054391
6934,5.593697328054391
6935,5.593697328054391
6936,5.593697328054391
6937,5.593697328054391
6938,5.593697328054391
6939,5.593697328054391
6940,5.593697328054391
6941,5.593697328054391
6942,5.593697328054391
6943,5.593697328054391
6944,5.593697328054391
6945,5.593697328054391
6946,5.593697328054391
6947,5.593697328054391
6948,5.593697328054391
6949,5.593697328054391
6950,5.593697328054391
6951,5.593697328054391
6952,5.593697328054391
6953,5.593697328054391
6954,5.593697328054391
6955,5.593697328054391
6956,5.593697328054391
6957,5.593697328054391
6958,5.593697328054391
6959,5.593697328054391
6960,5.593697328054391
6961,5.593697328054391
6962,5.593697328054391
6963,5.593697328054391
6964,5.593697328054391
6965,5.593697328054391
6966,5.593697328054391
6967,5.593697328054391
6968,5.593697328054391
6969,5.593697328054391
6970,5.593697328054391
6971,5.593697328054391
6972,5.593697328054391
6973,5.593697328054391
6974,5.593697328054391
6975,5.593697328054391
6976,5.593697328054391
6977,5.593697328054391
6978,5.593697328054391
6979,5.593697328054391
6980,5.593697328054391
6981,5.593697328054391
6982,5.593697328054391
6983,5.593697328054391
6984,5.593697328054391
6985,5.593697328054391
6986,5.593697328054391
6987,5.593697328054391
6988,5.593697328054391
6989,5.593697328054391
6990,5.593697328054391
6991,5.593697328054391
6992,5.593697328054391
6993,5.593697328054391
6994,5.593697328054391
6995,5.593697328054391
6996,5.593697328054391
6997,5.593697328054391
6998,5.593697328054391
6999,5.593697328054391
7000,5.593697328054391
7001,5.593697328054391
7002,5.593697328054391
7003,5.593697328054391
7004,5.593697328054391
7005,5.593697328054391
7006,5.593697328054391
7007,5.593697328054391
7008,5.593697328054391
7009,5.593697328054391
7010,5.593697328054391
7011,5.593697328054391
7012,5.593697328054391
7013,5.593697328054391
7014,5.593697328054391
7015,5.593697328054391
7016,5.593697328054391
7017,5.593697328054391
7018,5.593697328054391
7019,5.593697328054391
7020,5.593697328054391
7021,5.593697328054391
7022,5.593697328054391
7023,5.593697328054391
7024,5.593697328054391
7025,5.593697328054391
7026,5.593697328054391
7027,5.593697328054391
7028,5.593697328054391
7029,5.593697328054391
7030,5.593697328054391
7031,5.593697328054391
7032,5.593697328054391
7033,5.593697328054391
7034,5.593697328054391
7035,5.593697328054391
7036,5.593697328054391
7037,5.593697328054391
7038,5.593697328054391
7039,5.593697328054391
7040,5.593697328054391
7041,5.593697328054391
7042,5.593697328054391
7043,5.593697328054391
7044,5.593697328054391
7045,5.593697328054391
7046,5.593697328054391
7047,5.593697328054391
7048,5.593697328054391
7049,5.593697328054391
7050,5.593697328054391
7051,5.593697328054391
7052,5.593697328054391
7053,5.593697328054391
7054,5.593697328054391
7055,5.593697328054391
7056,5.593697328054391
7057,5.593697328054391
7058,5.593697328054391
7059,5.593697328054391
7060,5.593697328054391
7061,5.593697328054391
7062,5.593697328054391
7063,5.593697328054391
7064,5.593697328054391
7065,5.593697328054391
7066,5.593697328054391
7067,5.593697328054391
7068,5.593697328054391
7069,5.593697328054391
7070,5.593697328054391
7071,5.593697328054391
7072,5.593697328054391
7073,5.593697328054391
7074,5.593697328054391
7075,5.593697328054391
7076,5.593697328054391
7077,5.593697328054391
7078,5.593697328054391
7079,5.593697328054391
7080,5.593697328054391
7081,5.593697328054391
7082,5.593697328054391
7083,5.593697328054391
7084,5.593697328054391
7085,5.593697328054391
7086,5.593697328054391
7087,5.593697328054391
7088,5.593697328054391
7089,5.593697328054391
7090,5.593697328054391
7091,5.593697328054391
7092,5.593697328054391
7093,5.593697328054391
7094,5.593697328054391
7095,5.593697328054391
7096,5.593697328054391
7097,5.593697328054391
7098,5.593697328054391
7099,5.593697328054391
7100,5.593697328054391
7101,5.593697328054391
7102,5.593697328054391
7103,5.593697328054391
7104,5.593697328054391
7105,5.593697328054391
7106,5.593697328054391
7107,5.593697328054391
7108,5.593697328054391
7109,5.593697328054391
7110,5.593697328054391
7111,5.593697328054391
7112,5.593697328054391
7113,5.593697328054391
7114,5.593697328054391
7115,5.593697328054391
7116,5.593697328054391
7117,5.593697328054391
7118,5.593697328054391
7119,5.593697328054391
7120,5.593697328054391
7121,5.593697328054391
7122,5.593697328054391
7123,5.593697328054391
7124,5.593697328054391
7125,5.593697328054391
7126,5.593697328054391
7127,5.593697328054391
7128,5.593697328054391
7129,5.593697328054391
7130,5.593697328054391
7131,5.593697328054391
7132,5.593697328054391
7133,5.593697328054391
7134,5.593697328054391
7135,5.593697328054391
7136,5.593697328054391
7137,5.593697328054391
7138,5.593697328054391
7139,5.593697328054391
7140,5.593697328054391
7141,5.593697328054391
7142,5.593697328054391
7143,5.593697328054391
7144,5.593697328054391
7145,5.593697328054391
7146,5.593697328054391
7147,5.593697328054391
7148,5.593697328054391
7149,5.593697328054391
7150,5.593697328054391
7151,5.593697328054391
7152,5.593697328054391
7153,5.593697328054391
7154,5.593697328054391
7155,5.593697328054391
7156,5.593697328054391
7157,5.593697328054391
7158,5.593697328054391
7159,5.593697328054391
7160,5.593697328054391
7161,5.593697328054391
7162,5.593697328054391
7163,5.593697328054391
7164,5.593697328054391
7165,5.593697328054391
7166,5.593697328054391
7167,5.593697328054391
7168,5.593697328054391
7169,5.593697328054391
7170,5.593697328054391
7171,5.593697328054391
7172,5.593697328054391
7173,5.593697328054391
7174,5.593697328054391
7175,5.593697328054391
7176,5.593697328054391
7177,5.593697328054391
7178,5.593697328054391
7179,5.593697328054391
7180,5.593697328054391
7181,5.593697328054391
7182,5.593697328054391
7183,5.593697328054391
7184,5.593697328054391
7185,5.593697328054391
7186,5.593697328054391
7187,5.593697328054391
7188,5.593697328054391
7189,5.593697328054391
7190,5.593697328054391
7191,5.593697328054391
7192,5.593697328054391
7193,5.593697328054391
7194,5.593697328054391
7195,5.593697328054391
7196,5.593697328054391
7197,5.593697328054391
7198,5.593697328054391
7199,5.593697328054391
7200,5.593697328054391
7201,5.593697328054391
7202,5.593697328054391
7203,5.593697328054391
7204,5.593697328054391
7205,5.593697328054391
7206,5.593697328054391
7207,5.593697328054391
7208,5.593697328054391
7209,5.593697328054391
7210,5.593697328054391
7211,5.593697328054391
7212,5.593697328054391
7213,5.593697328054391
7214,5.593697328054391
7215,5.593697328054391
7216,5.593697328054391
7217,5.593697328054391
7218,5.593697328054391
7219,5.593697328054391
7220,5.593697328054391
7221,5.593697328054391
7222,5.593697328054391
7223,5.593697328054391
7224,5.593697328054391
7225,5.593697328054391
7226,5.593697328054391
7227,5.593697328054391
7228,5.593697328054391
7229,5.593697328054391
7230,5.593697328054391
7231,5.593697328054391
7232,5.593697328054391
7233,5.593697328054391
7234,5.593697328054391
7235,5.593697328054391
7236,5.593697328054391
7237,5.593697328054391
7238,5.593697328054391
7239,5.593697328054391
7240,5.593697328054391
7241,5.593697328054391
7242,5.593697328054391
7243,5.593697328054391
7244,5.593697328054391
7245,5.593697328054391
7246,5.593697328054391
7247,5.593697328054391
7248,5.593697328054391
7249,5.593697328054391
7250,5.593697328054391
7251,5.593697328054391
7252,5.593697328054391
7253,5.593697328054391
7254,5.593697328054391
7255,5.593697328054391
7256,5.593697328054391
7257,5.593697328054391
7258,5.593697328054391
7259,5.593697328054391
7260,5.593697328054391
7261,5.593697328054391
7262,5.593697328054391
7263,5.593697328054391
7264,5.593697328054391
7265,5.593697328054391
7266,5.593697328054391
7267,5.593697328054391
7268,5.593697328054391
7269,5.593697328054391
7270,5.593697328054391
7271,5.593697328054391
7272,5.593697328054391
7273,5.593697328054391
7274,5.593697328054391
7275,5.593697328054391
7276,5.593697328054391
7277,5.593697328054391
7278,5.593697328054391
7279,5.593697328054391
7280,5.593697328054391
7281,5.593697328054391
7282,5.593697328054391
7283,5.593697328054391
7284,5.593697328054391
7285,5.593697328054391
7286,5.593697328054391
7287,5.593697328054391
7288,5.593697328054391
7289,5.593697328054391
7290,5.593697328054391
7291,5.593697328054391
7292,5.593697328054391
7293,5.593697328054391
7294,5.593697328054391
7295,5.593697328054391
7296,5.593697328054391
7297,5.593697328054391
7298,5.593697328054391
7299,5.593697328054391
7300,5.593697328054391
7301,5.593697328054391
7302,5.593697328054391
7303,5.593697328054391
7304,5.593697328054391
7305,5.593697328054391
7306,5.593697328054391
7307,5.593697328054391
7308,5.593697328054391
7309,5.593697328054391
7310,5.593697328054391
7311,5.593697328054391
7312,5.593697328054391
7313,5.593697328054391
7314,5.593697328054391
7315,5.593697328054391
7316,5.593697328054391
7317,5.593697328054391
7318,5.593697328054391
7319,5.593697328054391
7320,5.593697328054391
7321,5.593697328054391
7322,5.593697328054391
7323,5.593697328054391
7324,5.593697328054391
7325,5.593697328054391
7326,5.593697328054391
7327,5.593697328054391
7328,5.593697328054391
7329,5.593697328054391
7330,5.593697328054391
7331,5.593697328054391
7332,5.593697328054391
7333,5.593697328054391
7334,5.593697328054391
7335,5.593697328054391
7336,5.593697328054391
7337,5.593697328054391
7338,5.593697328054391
7339,5.593697328054391
7340,5.593697328054391
7341,5.593697328054391
7342,5.593697328054391
7343,5.593697328054391
7344,5.593697328054391
7345,5.593697328054391
7346,5.593697328054391
7347,5.593697328054391
7348,5.593697328054391
7349,5.593697328054391
7350,5.593697328054391
7351,5.593697328054391
7352,5.593697328054391
7353,5.593697328054391
7354,5.593697328054391
7355,5.593697328054391
7356,5.593697328054391
7357,5.593697328054391
7358,5.593697328054391
7359,5.593697328054391
7360,5.593697328054391
7361,5.593697328054391
7362,5.593697328054391
7363,5.593697328054391
7364,5.593697328054391
7365,5.593697328054391
7366,5.593697328054391
7367,5.593697328054391
7368,5.593697328054391
7369,5.593697328054391
7370,5.593697328054391
7371,5.593697328054391
7372,5.593697328054391
7373,5.593697328054391
7374,5.593697328054391
7375,5.593697328054391
7376,5.593697328054391
7377,5.593697328054391
7378,5.593697328054391
7379,5.593697328054391
7380,5.593697328054391
7381,5.593697328054391
7382,5.593697328054391
7383,5.593697328054391
7384,5.593697328054391
7385,5.593697328054391
7386,5.593697328054391
7387,5.593697328054391
7388,5.593697328054391
7389,5.593697328054391
7390,5.593697328054391
7391,5.593697328054391
7392,5.593697328054391
7393,5.593697328054391
7394,5.593697328054391
7395,5.593697328054391
7396,5.593697328054391
7397,5.593697328054391
7398,5.593697328054391
7399,5.593697328054391
7400,5.593697328054391
7401,5.593697328054391
7402,5.593697328054391
7403,5.593697328054391
7404,5.593697328054391
7405,5.593697328054391
7406,5.593697328054391
7407,5.593697328054391
7408,5.593697328054391
7409,5.593697328054391
7410,5.593697328054391
7411,2.638939965413694
7412,2.638939965413694
7413,2.638939965413694
7414,2.638939965413694
7415,2.638939965413694
7416,2.638939965413694
7417,2.638939965413694
7418,2.638939965413694
7419,2.638939965413694
7420,2.638939965413694
7421,2.638939965413694
7422,2.638939965413694
7423,2.638939965413694
7424,2.638939965413694
7425,2.638939965413694
7426,2.638939965413694
7427,2.638939965413694
7428,2.638939965413694
7429,2.638939965413694
7430,2.638939965413694
7431,2.638939965413694
7432,2.638939965413694
7433,2.638939965413694
7434,2.638939965413694
7435,2.638939965413694
7436,2.638939965413694
7437,2.638939965413694
7438,2.638939965413694
7439,2.638939965413694
7440,2.638939965413694
7441,2.638939965413694
7442,2.638939965413694
7443,2.638939965413694
7444,2.638939965413694
7445,2.638939965413694
7446,2.638939965413694
7447,2.638939965413694
7448,2.638939965413694
7449,2.638939965413694
7450,2.638939965413694
7451,2.638939965413694
7452,2.638939965413694
7453,2.638939965413694
7454,2.638939965413694
7455,2.638939965413694
7456,2.638939965413694
7457,2.638939965413694
7458,2.638939965413694
7459,2.638939965413694
7460,2.638939965413694
7461,2.638939965413694
7462,2.638939965413694
7463,2.638939965413694
7464,2.638939965413694
7465,2.638939965413694
7466,2.638939965413694
7467,2.638939965413694
7468,2.638939965413694
7469,2.638939965413694
7470,2.638939965413694
7471,2.638939965413694
7472,2.638939965413694
7473,2.638939965413694
7474,2.638939965413694
7475,2.638939965413694
7476,2.638939965413694
7477,2.638939965413694
7478,2.638939965413694
7479,2.638939965413694
7480,2.638939965413694
7481,2.638939965413694
7482,2.638939965413694
7483,2.638939965413694
7484,2.638939965413694
7485,2.638939965413694
7486,2.638939965413694
7487,2.638939965413694
7488,2.638939965413694
7489,2.638939965413694
7490,2.638939965413694
7491,2.638939965413694
7492,2.638939965413694
7493,2.638939965413694
7494,2.638939965413694
7495,2.638939965413694
7496,2.638939965413694
7497,2.638939965413694
7498,2.638939965413694
7499,2.638939965413694
7500,2.638939965413694
7501,2.638939965413694
7502,2.638939965413694
7503,2.638939965413694
7504,2.638939965413694
7505,2.638939965413694
7506,2.638939965413694
7507,2.638939965413694
7508,2.638939965413694
7509,2.638939965413694
7510,2.638939965413694
7511,2.638939965413694
7512,2.638939965413694
7513,2.638939965413694
7514,2.638939965413694
7515,2.638939965413694
7516,2.638939965413694
7517,2.638939965413694
7518,2.638939965413694
7519,2.638939965413694
7520,2.638939965413694
7521,2.638939965413694
7522,2.638939965413694
7523,2.638939965413694
7524,2.638939965413694
7525,2.638939965413694
7526,2.638939965413694
7527,2.638939965413694
7528,2.638939965413694
7529,2.638939965413694
7530,2.638939965413694
7531,2.638939965413694
7532,2.638939965413694
7533,2.638939965413694
7534,2.638939965413694
7535,2.638939965413694
7536,2.638939965413694
7537,2.638939965413694
7538,2.638939965413694
7539,2.638939965413694
7540,2.638939965413694
7541,2.638939965413694
7542,2.638939965413694
7543,2.638939965413694
7544,2.638939965413694
7545,2.638939965413694
7546,2.638939965413694
7547,2.638939965413694
7548,2.638939965413694
7549,2.638939965413694
7550,2.638939965413694
7551,2.638939965413694
7552,2.638939965413694
7553,2.638939965413694
7554,2.638939965413694
7555,2.638939965413694
7556,2.638939965413694
7557,2.638939965413694
7558,2.638939965413694
7559,2.638939965413694
7560,2.638939965413694
7561,2.638939965413694
7562,2.638939965413694
7563,2.638939965413694
7564,2.638939965413694
7565,2.638939965413694
7566,2.638939965413694
7567,2.638939965413694
7568,2.638939965413694
7569,2.638939965413694
7570,2.638939965413694
7571,2.638939965413694
7572,2.638939965413694
7573,2.638939965413694
7574,2.638939965413694
7575,2.638939965413694
7576,2.638939965413694
7577,2.638939965413694
7578,2.638939965413694
7579,2.638939965413694
7580,2.638939965413694
7581,2.638939965413694
7582,2.638939965413694
7583,2.638939965413694
7584,2.638939965413694
7585,2.638939965413694
7586,2.638939965413694
7587,2.638939965413694
7588,2.638939965413694
7589,2.638939965413694
7590,2.638939965413694
7591,2.638939965413694
7592,2.638939965413694
7593,2.638939965413694
7594,2.638939965413694
7595,2.638939965413694
7596,2.638939965413694
7597,2.638939965413694
7598,2.638939965413694
7599,2.638939965413694
7600,2.638939965413694
7601,2.638939965413694
7602,2.638939965413694
7603,2.638939965413694
7604,2.638939965413694
7605,2.638939965413694
7606,2.638939965413694
7607,2.638939965413694
7608,2.638939965413694
7609,2.638939965413694
7610,2.638939965413694
7611,2.638939965413694
7612,2.638939965413694
7613,2.638939965413694
7614,2.638939965413694
7615,2.638939965413694
7616,2.638939965413694
7617,2.638939965413694
7618,2.638939965413694
7619,2.638939965413694
7620,2.638939965413694
7621,2.638939965413694
7622,2.638939965413694
7623,2.638939965413694
7624,2.638939965413694
7625,2.638939965413694
7626,2.638939965413694
7627,2.638939965413694
7628,2.638939965413694
7629,2.638939965413694
7630,2.638939965413694
7631,2.638939965413694
7632,2.638939965413694
7633,2.638939965413694
7634,2.638939965413694
7635,2.638939965413694
7636,2.638939965413694
7637,2.638939965413694
7638,2.638939965413694
7639,2.638939965413694
7640,2.638939965413694
7641,2.638939965413694
7642,2.638939965413694
7643,2.638939965413694
7644,2.638939965413694
7645,2.638939965413694
7646,2.638939965413694
7647,2.638939965413694
7648,2.638939965413694
7649,2.638939965413694
7650,2.638939965413694
7651,2.638939965413694
7652,2.638939965413694
7653,2.638939965413694
7654,2.638939965413694
7655,2.638939965413694
7656,2.638939965413694
7657,2.638939965413694
7658,2.638939965413694
7659,2.638939965413694
7660,2.638939965413694
7661,2.638939965413694
7662,2.638939965413694
7663,2.638939965413694
7664,2.638939965413694
7665,2.638939965413694
7666,2.638939965413694
7667,2.638939965413694
7668,2.638939965413694
7669,2.638939965413694
7670,2.638939965413694
7671,2.638939965413694
7672,2.638939965413694
7673,2.638939965413694
7674,2.638939965413694
7675,2.638939965413694
7676,2.638939965413694
7677,2.638939965413694
7678,2.638939965413694
7679,2.638939965413694
7680,2.638939965413694
7681,2.638939965413694
7682,2.638939965413694
7683,2.638939965413694
7684,2.638939965413694
7685,2.638939965413694
7686,2.638939965413694
7687,2.638939965413694
7688,2.638939965413694
7689,2.638939965413694
7690,2.638939965413694
7691,2.638939965413694
7692,2.638939965413694
7693,2.638939965413694
7694,2.638939965413694
7695,2.638939965413694
7696,2.638939965413694
7697,2.638939965413694
7698,2.638939965413694
7699,2.638939965413694
7700,2.638939965413694
7701,2.638939965413694
7702,2.638939965413694
7703,2.638939965413694
7704,2.638939965413694
7705,2.638939965413694
7706,2.638939965413694
7707,2.638939965413694
7708,2.638939965413694
7709,2.638939965413694
7710,2.638939965413694
7711,2.638939965413694
7712,2.638939965413694
7713,2.638939965413694
7714,2.638939965413694
7715,2.638939965413694
7716,2.638939965413694
7717,2.638939965413694
7718,2.638939965413694
7719,2.638939965413694
7720,2.638939965413694
7721,2.638939965413694
7722,2.638939965413694
7723,2.638939965413694
7724,2.638939965413694
7725,2.638939965413694
7726,2.638939965413694
7727,2.638939965413694
7728,2.638939965413694
7729,2.638939965413694
7730,2.638939965413694
7731,2.638939965413694
7732,2.638939965413694
7733,2.638939965413694
7734,2.638939965413694
7735,2.638939965413694
7736,2.638939965413694
7737,2.638939965413694
7738,2.638939965413694
7739,2.638939965413694
7740,2.638939965413694
7741,2.638939965413694
7742,2.638939965413694
7743,2.638939965413694
7744,2.638939965413694
7745,2.638939965413694
7746,2.638939965413694
7747,2.638939965413694
7748,2.638939965413694
7749,2.638939965413694
7750,2.638939965413694
7751,2.638939965413694
7752,2.638939965413694
7753,2.638939965413694
7754,2.638939965413694
7755,2.638939965413694
7756,2.638939965413694
7757,2.638939965413694
7758,2.638939965413694
7759,2.638939965413694
7760,2.638939965413694
7761,2.638939965413694
7762,2.638939965413694
7763,2.638939965413694
7764,2.638939965413694
7765,2.638939965413694
7766,2.638939965413694
7767,2.638939965413694
7768,2.638939965413694
7769,2.638939965413694
7770,2.638939965413694
7771,2.638939965413694
7772,2.638939965413694
7773,2.638939965413694
7774,2.638939965413694
7775,2.638939965413694
7776,2.638939965413694
7777,2.638939965413694
7778,2.638939965413694
7779,2.638939965413694
7780,2.638939965413694
7781,2.638939965413694
7782,2.638939965413694
7783,2.638939965413694
7784,2.638939965413694
7785,2.638939965413694
7786,2.638939965413694
7787,2.638939965413694
7788,2.638939965413694
7789,2.638939965413694
7790,2.638939965413694
7791,2.638939965413694
7792,2.638939965413694
7793,2.638939965413694
7794,2.638939965413694
7795,2.638939965413694
7796,2.638939965413694
7797,2.638939965413694
7798,2.638939965413694
7799,2.638939965413694
7800,2.638939965413694
7801,2.638939965413694
7802,2.638939965413694
7803,2.638939965413694
7804,2.638939965413694
7805,2.638939965413694
7806,2.638939965413694
7807,2.638939965413694
7808,2.638939965413694
7809,2.638939965413694
7810,2.638939965413694
7811,2.638939965413694
7812,2.638939965413694
7813,2.638939965413694
7814,2.638939965413694
7815,2.638939965413694
7816,2.638939965413694
7817,2.638939965413694
7818,2.638939965413694
7819,2.638939965413694
7820,2.638939965413694
7821,2.638939965413694
7822,2.638939965413694
7823,2.638939965413694
7824,2.638939965413694
7825,2.638939965413694
7826,2.638939965413694
7827,2.638939965413694
7828,2.638939965413694
7829,2.638939965413694
7830,2.638939965413694
7831,2.638939965413694
7832,2.638939965413694
7833,2.638939965413694
7834,2.638939965413694
7835,2.638939965413694
7836,2.638939965413694
7837,2.638939965413694
7838,2.638939965413694
7839,2.638939965413694
7840,2.638939965413694
7841,2.638939965413694
7842,2.638939965413694
7843,2.638939965413694
7844,2.638939965413694
7845,2.638939965413694
7846,2.638939965413694
7847,2.638939965413694
7848,2.638939965413694
7849,2.638939965413694
7850,2.638939965413694
7851,2.638939965413694
7852,2.638939965413694
7853,2.638939965413694
7854,2.638939965413694
7855,2.638939965413694
7856,2.638939965413694
7857,2.638939965413694
7858,2.638939965413694
7859,2.638939965413694
7860,2.638939965413694
7861,2.638939965413694
7862,2.638939965413694
7863,2.638939965413694
7864,2.638939965413694
7865,2.638939965413694
7866,2.638939965413694
7867,2.638939965413694
7868,2.638939965413694
7869,2.638939965413694
7870,2.638939965413694
7871,2.638939965413694
7872,2.638939965413694
7873,2.638939965413694
7874,2.638939965413694
7875,2.638939965413694
7876,2.638939965413694
7877,2.638939965413694
7878,2.638939965413694
7879,2.638939965413694
7880,2.638939965413694
7881,2.638939965413694
7882,2.638939965413694
7883,2.638939965413694
7884,2.638939965413694
7885,2.638939965413694
7886,2.638939965413694
7887,2.638939965413694
7888,2.638939965413694
7889,2.638939965413694
7890,2.638939965413694
7891,2.638939965413694
7892,2.638939965413694
7893,2.638939965413694
7894,2.638939965413694
7895,2.638939965413694
7896,2.638939965413694
7897,2.638939965413694
7898,2.638939965413694
7899,2.638939965413694
7900,2.638939965413694
7901,2.638939965413694
7902,2.638939965413694
7903,2.638939965413694
7904,2.638939965413694
7905,2.638939965413694
7906,2.638939965413694
7907,2.638939965413694
7908,2.638939965413694
7909,2.638939965413694
7910,2.638939965413694
7911,2.638939965413694
7912,2.638939965413694
7913,2.638939965413694
7914,2.638939965413694
7915,2.638939965413694
7916,2.638939965413694
7917,2.638939965413694
7918,2.638939965413694
7919,2.638939965413694
7920,2.638939965413694
7921,2.638939965413694
7922,2.638939965413694
7923,2.638939965413694
7924,2.638939965413694
7925,2.638939965413694
7926,2.638939965413694
7927,2.638939965413694
7928,2.638939965413694
7929,2.638939965413694
7930,2.638939965413694
7931,2.638939965413694
7932,2.638939965413694
7933,2.638939965413694
7934,2.638939965413694
7935,2.638939965413694
7936,2.638939965413694
7937,2.638939965413694
7938,2.638939965413694
7939,2.638939965413694
7940,2.638939965413694
7941,2.638939965413694
7942,2.638939965413694
7943,2.638939965413694
7944,2.638939965413694
7945,2.638939965413694
7946,2.638939965413694
7947,2.638939965413694
7948,2.638939965413694
7949,2.638939965413694
7950,2.638939965413694
7951,2.638939965413694
7952,2.638939965413694
7953,2.638939965413694
7954,2.638939965413694
7955,2.638939965413694
7956,-1.8709528512484228
7957,-1.8709528512484228
7958,-1.8709528512484228
7959,-1.8709528512484228
7960,-1.8709528512484228
7961,-1.8709528512484228
7962,-1.8709528512484228
7963,-1.8709528512484228
7964,-1.8709528512484228
7965,-1.8709528512484228
7966,-1.8709528512484228
7967,-1.8709528512484228
7968,-1.8709528512484228
7969,-1.8709528512484228
7970,-1.8709528512484228
7971,-1.8709528512484228
7972,-1.8709528512484228
7973,-1.8709528512484228
7974,-1.8709528512484228
7975,-1.8709528512484228
7976,-1.8709528512484228
7977,-1.8709528512484228
7978,-1.8709528512484228
7979,-1.8709528512484228
7980,-1.8709528512484228
7981,-1.8709528512484228
7982,-1.8709528512484228
7983,-1.8709528512484228
7984,-1.8709528512484228
7985,-1.8709528512484228
7986,-1.8709528512484228
7987,-1.8709528512484228
7988,-1.8709528512484228
7989,-1.8709528512484228
7990,-1.8709528512484228
7991,-1.8709528512484228
7992,-1.8709528512484228
7993,-1.8709528512484228
7994,-1.8709528512484228
7995,-1.8709528512484228
7996,-1.8709528512484228
7997,-1.8709528512484228
7998,-1.8709528512484228
7999,-1.8709528512484228
8000,-1.8709528512484228
8001,-1.8709528512484228
8002,-1.8709528512484228
8003,-1.8709528512484228
8004,-1.8709528512484228
8005,-1.8709528512484228
8006,-1.8709528512484228
8007,-1.8709528512484228
8008,-1.8709528512484228
8009,-1.8709528512484228
8010,-1.8709528512484228
8011,-1.8709528512484228
8012,-1.8709528512484228
8013,-1.8709528512484228
8014,-1.8709528512484228
8015,-1.8709528512484228
8016,-1.8709528512484228
8017,-1.8709528512484228
8018,-1.8709528512484228
8019,-1.8709528512484228
8020,-1.8709528512484228
8021,-1.8709528512484228
8022,-1.8709528512484228
8023,-1.8709528512484228
8024,-1.8709528512484228
8025,-1.8709528512484228
8026,-1.8709528512484228
8027,-1.8709528512484228
8028,-1.8709528512484228
8029,-1.8709528512484228
8030,-1.8709528512484228
8031,-1.8709528512484228
8032,-1.8709528512484228
8033,-1.8709528512484228
8034,-1.8709528512484228
8035,-1.8709528512484228
8036,-1.8709528512484228
8037,-1.8709528512484228
8038,-1.8709528512484228
8039,-1.8709528512484228
8040,-1.8709528512484228
8041,-1.8709528512484228
8042,-1.8709528512484228
8043,-1.8709528512484228
8044,-1.8709528512484228
8045,-1.8709528512484228
8046,-1.8709528512484228
8047,-1.8709528512484228
8048,-1.8709528512484228
8049,-1.8709528512484228
8050,-1.8709528512484228
8051,-1.8709528512484228
8052,-1.8709528512484228
8053,-1.8709528512484228
8054,-1.8709528512484228
8055,-1.8709528512484228
8056,-1.8709528512484228
8057,-1.8709528512484228
8058,-1.8709528512484228
8059,-1.8709528512484228
8060,-1.8709528512484228
8061,-1.8709528512484228
8062,-1.8709528512484228
8063,-1.8709528512484228
8064,-1.8709528512484228
8065,-1.8709528512484228
8066,-1.8709528512484228
8067,-1.8709528512484228
8068,-1.8709528512484228
8069,-1.8709528512484228
8070,-1.8709528512484228
8071,-1.8709528512484228
8072,-1.8709528512484228
8073,-1.8709528512484228
8074,-1.8709528512484228
8075,-1.8709528512484228
8076,-1.8709528512484228
8077,-1.8709528512484228
8078,-1.8709528512484228
8079,-1.8709528512484228
8080,-1.8709528512484228
8081,-1.8709528512484228
8082,-1.8709528512484228
8083,-1.8709528512484228
8084,-1.8709528512484228
8085,-1.8709528512484228
8086,-1.8709528512484228
8087,-1.8709528512484228
8088,-1.8709528512484228
8089,-1.8709528512484228
8090,-1.8709528512484228
8091,-1.8709528512484228
8092,-1.8709528512484228
8093,-1.8709528512484228
8094,-1.8709528512484228
8095,-1.8709528512484228
8096,-1.8709528512484228
8097,-1.8709528512484228
8098,-1.8709528512484228
8099,-1.8709528512484228
8100,-1.8709528512484228
8101,-1.8709528512484228
8102,-1.8709528512484228
8103,-1.8709528512484228
8104,-1.8709528512484228
8105,-1.8709528512484228
8106,-1.8709528512484228
8107,-1.8709528512484228
8108,-1.8709528512484228
8109,-1.8709528512484228
8110,-1.8709528512484228
8111,-1.8709528512484228
8112,-1.8709528512484228
8113,-1.8709528512484228
8114,-1.8709528512484228
8115,-1.8709528512484228
8116,-1.8709528512484228
8117,-1.8709528512484228
8118,-1.8709528512484228
8119,-1.8709528512484228
8120,-1.8709528512484228
8121,-1.8709528512484228
8122,-1.8709528512484228
8123,-1.8709528512484228
8124,-1.8709528512484228
8125,-1.8709528512484228
8126,-1.8709528512484228
8127,-1.8709528512484228
8128,-1.8709528512484228
8129,-1.8709528512484228
8130,-1.8709528512484228
8131,-1.8709528512484228
8132,-1.8709528512484228
8133,-1.8709528512484228
8134,-1.8709528512484228
8135,-1.8709528512484228
8136,-1.8709528512484228
8137,-1.8709528512484228
8138,-1.8709528512484228
8139,-1.8709528512484228
8140,-1.8709528512484228
8141,-1.8709528512484228
8142,-1.8709528512484228
8143,-1.8709528512484228
8144,-1.8709528512484228
8145,-1.8709528512484228
8146,-1.8709528512484228
8147,-1.8709528512484228
8148,-1.8709528512484228
8149,-1.8709528512484228
8150,-1.8709528512484228
8151,-1.8709528512484228
8152,-1.8709528512484228
8153,-1.8709528512484228
8154,-1.8709528512484228
8155,-1.8709528512484228
8156,-1.8709528512484228
8157,-1.8709528512484228
8158,-1.8709528512484228
8159,-1.8709528512484228
8160,-1.8709528512484228
8161,-1.8709528512484228
8162,-1.8709528512484228
8163,-1.8709528512484228
8164,-1.8709528512484228
8165,-1.8709528512484228
8166,-1.8709528512484228
8167,-1.8709528512484228
8168,-1.8709528512484228
8169,-1.8709528512484228
8170,-1.8709528512484228
8171,-1.8709528512484228
8172,-1.8709528512484228
8173,-1.8709528512484228
8174,-1.8709528512484228
8175,-1.8709528512484228
8176,-1.8709528512484228
8177,-1.8709528512484228
8178,-1.8709528512484228
8179,-1.8709528512484228
8180,-1.8709528512484228
8181,-1.8709528512484228
8182,-1.8709528512484228
8183,-1.8709528512484228
8184,-1.8709528512484228
8185,-1.8709528512484228
8186,-1.8709528512484228
8187,-1.8709528512484228
8188,-1.8709528512484228
8189,-1.8709528512484228
8190,-1.8709528512484228
8191,-1.8709528512484228
8192,-1.8709528512484228
8193,-1.8709528512484228
8194,-1.8709528512484228
8195,-1.8709528512484228
8196,-1.8709528512484228
8197,-1.8709528512484228
8198,-1.8709528512484228
8199,-1.8709528512484228
8200,-1.8709528512484228
8201,-1.8709528512484228
8202,-1.8709528512484228
8203,-1.8709528512484228
8204,-1.8709528512484228
8205,-1.8709528512484228
8206,-1.8709528512484228
8207,-1.8709528512484228
8208,-1.8709528512484228
8209,-1.8709528512484228
8210,-1.8709528512484228
8211,-1.8709528512484228
8212,-1.8709528512484228
8213,-1.8709528512484228
8214,-1.8709528512484228
8215,-1.8709528512484228
8216,-1.8709528512484228
8217,-1.8709528512484228
8218,-1.8709528512484228
8219,-1.8709528512484228
8220,-1.8709528512484228
8221,-1.8709528512484228
8222,-1.8709528512484228
8223,-1.8709528512484228
8224,-1.8709528512484228
8225,-1.8709528512484228
8226,-1.8709528512484228
8227,-1.8709528512484228
8228,-1.8709528512484228
8229,-1.8709528512484228
8230,-1.8709528512484228
8231,-1.8709528512484228
8232,-1.8709528512484228
8233,-1.8709528512484228
8234,-1.8709528512484228
8235,-1.8709528512484228
8236,-1.8709528512484228
8237,-1.8709528512484228
8238,-1.8709528512484228
8239,-1.8709528512484228
8240,-1.8709528512484228
8241,-1.8709528512484228
8242,-1.8709528512484228
8243,-1.8709528512484228
8244,-1.8709528512484228
8245,-1.8709528512484228
8246,-1.8709528512484228
8247,-1.8709528512484228
8248,-1.8709528512484228
8249,-1.8709528512484228
8250,-1.8709528512484228
8251,-1.8709528512484228
8252,-1.8709528512484228
8253,-1.8709528512484228
8254,-1.8709528512484228
8255,-1.8709528512484228
8256,-1.8709528512484228
8257,-1.8709528512484228
8258,-1.8709528512484228
8259,-1.8709528512484228
8260,-1.8709528512484228
8261,-1.8709528512484228
8262,-1.8709528512484228
8263,-1.8709528512484228
8264,-1.8709528512484228
8265,-1.8709528512484228
8266,-1.8709528512484228
8267,-1.8709528512484228
8268,-1.8709528512484228
8269,-1.8709528512484228
8270,-1.8709528512484228
8271,-1.8709528512484228
8272,-1.8709528512484228
8273,-1.8709528512484228
8274,-1.8709528512484228
8275,-1.8709528512484228
8276,-1.8709528512484228
8277,-1.8709528512484228
8278,-1.8709528512484228
8279,-1.8709528512484228
8280,-1.8709528512484228
8281,-1.8709528512484228
8282,-1.8709528512484228
8283,-1.8709528512484228
8284,-1.8709528512484228
8285,-1.8709528512484228
8286,-1.8709528512484228
8287,-1.8709528512484228
8288,-1.8709528512484228
8289,-1.8709528512484228
8290,-1.8709528512484228
8291,-1.8709528512484228
8292,-1.8709528512484228
8293,-1.8709528512484228
8294,-1.8709528512484228
8295,-1.8709528512484228
8296,-1.8709528512484228
8297,-1.8709528512484228
8298,-1.8709528512484228
8299,-1.8709528512484228
8300,-1.8709528512484228
8301,-1.8709528512484228
8302,-1.8709528512484228
8303,-1.8709528512484228
8304,-1.8709528512484228
8305,-1.8709528512484228
8306,-1.8709528512484228
8307,-1.8709528512484228
8308,-1.8709528512484228
8309,-1.8709528512484228
8310,-1.8709528512484228
8311,-1.8709528512484228
8312,-1.8709528512484228
8313,-1.8709528512484228
8314,-1.8709528512484228
8315,-9.64663012135552
8316,-9.64663012135552
8317,-9.64663012135552
8318,-9.64663012135552
8319,-9.64663012135552
8320,-9.64663012135552
8321,-9.64663012135552
8322,-9.64663012135552
8323,-9.64663012135552
8324,-9.64663012135552
8325,-9.64663012135552
8326,-9.64663012135552
8327,-9.64663012135552
8328,-9.64663012135552
8329,-9.64663012135552
8330,-9.64663012135552
8331,-9.64663012135552
8332,-9.64663012135552
8333,-9.64663012135552
8334,-9.64663012135552
8335,-9.64663012135552
8336,-9.64663012135552
8337,-9.64663012135552
8338,-9.64663012135552
8339,-9.64663012135552
8340,-9.64663012135552
8341,-9.64663012135552
8342,-9.64663012135552
8343,-9.64663012135552
8344,-9.64663012135552
8345,-9.64663012135552
8346,-9.64663012135552
8347,-9.64663012135552
8348,-9.64663012135552
8349,-9.64663012135552
8350,-9.64663012135552
8351,-9.64663012135552
8352,-9.64663012135552
8353,-9.64663012135552
8354,-9.64663012135552
8355,-9.64663012135552
8356,-9.64663012135552
8357,-9.64663012135552
8358,-9.64663012135552
8359,-9.64663012135552
8360,-9.64663012135552
8361,-9.64663012135552
8362,-9.64663012135552
8363,-9.64663012135552
8364,-9.64663012135552
8365,-9.64663012135552
8366,-9.64663012135552
8367,-9.64663012135552
8368,-9.64663012135552
8369,-9.64663012135552
8370,-9.64663012135552
8371,-9.64663012135552
8372,-9.64663012135552
8373,-9.64663012135552
8374,-9.64663012135552
8375,-9.64663012135552
8376,-9.64663012135552
8377,-9.64663012135552
8378,-9.64663012135552
8379,-9.64663012135552
8380,-9.64663012135552
8381,-9.64663012135552
8382,-9.64663012135552
8383,-9.64663012135552
8384,-9.64663012135552
8385,-9.64663012135552
8386,-9.64663012135552
8387,-9.64663012135552
8388,-9.64663012135552
8389,-9.64663012135552
8390,-9.64663012135552
8391,-9.64663012135552
8392,-9.64663012135552
8393,-9.64663012135552
8394,-9.64663012135552
8395,-9.64663012135552
8396,-9.64663012135552
8397,-9.64663012135552
8398,-9.64663012135552
8399,-9.64663012135552
8400,-9.64663012135552
8401,-9.64663012135552
8402,-9.64663012135552
8403,-9.64663012135552
8404,-9.64663012135552
8405,-9.64663012135552
8406,-9.64663012135552
8407,-9.64663012135552
8408,-9.64663012135552
8409,-9.64663012135552
8410,-9.64663012135552
8411,-9.64663012135552
8412,-9.64663012135552
8413,-9.64663012135552
8414,-9.64663012135552
8415,-9.64663012135552
8416,-9.64663012135552
8417,-9.64663012135552
8418,-9.64663012135552
8419,-9.64663012135552
8420,-9.64663012135552
8421,-9.64663012135552
8422,-9.64663012135552
8423,-9.64663012135552
8424,-9.64663012135552
8425,-9.64663012135552
8426,-9.64663012135552
8427,-9.64663012135552
8428,-9.64663012135552
8429,-9.64663012135552
8430,-9.64663012135552
8431,-9.64663012135552
8432,-9.64663012135552
8433,-9.64663012135552
8434,-9.64663012135552
8435,-9.64663012135552
8436,-9.64663012135552
8437,-9.64663012135552
8438,-9.64663012135552
8439,-9.64663012135552
8440,-9.64663012135552
8441,-9.64663012135552
8442,-9.64663012135552
8443,-9.64663012135552
8444,-9.64663012135552
8445,-9.64663012135552
8446,-9.64663012135552
8447,-9.64663012135552
8448,-9.64663012135552
8449,-9.64663012135552
8450,-9.64663012135552
8451,-9.64663012135552
8452,-9.64663012135552
8453,-9.64663012135552
8454,-9.64663012135552
8455,-9.64663012135552
8456,-9.64663012135552
8457,-9.64663012135552
8458,-9.64663012135552
8459,-9.64663012135552
8460,-9.64663012135552
8461,-9.64663012135552
8462,-9.64663012135552
8463,-9.64663012135552
8464,-9.64663012135552
8465,-9.64663012135552
8466,-9.64663012135552
8467,-9.64663012135552
8468,-9.64663012135552
8469,-9.64663012135552
8470,-9.64663012135552
8471,-9.64663012135552
8472,-9.64663012135552
8473,-9.64663012135552
8474,-9.64663012135552
8475,-9.64663012135552
8476,-9.64663012135552
8477,-9.64663012135552
8478,-9.64663012135552
8479,-9.64663012135552
8480,-9.64663012135552
8481,-9.64663012135552
8482,-9.64663012135552
8483,-9.64663012135552
8484,-9.64663012135552
8485,-9.64663012135552
8486,-9.64663012135552
8487,-9.64663012135552
8488,-9.64663012135552
8489,-9.64663012135552
8490,-9.64663012135552
8491,-9.64663012135552
8492,-9.64663012135552
8493,-9.64663012135552
8494,-9.64663012135552
8495,-9.64663012135552
8496,-9.64663012135552
8497,-9.64663012135552
8498,-9.64663012135552
8499,-9.64663012135552
8500,-9.64663012135552
8501,-9.64663012135552
8502,-9.64663012135552
8503,-9.64663012135552
8504,-9.64663012135552
8505,-9.64663012135552
8506,-9.64663012135552
8507,-9.64663012135552
8508,-9.64663012135552
8509,-9.64663012135552
8510,-9.64663012135552
8511,-9.64663012135552
8512,-9.64663012135552
8513,-9.64663012135552
8514,-9.64663012135552
8515,-9.64663012135552
8516,-9.64663012135552
8517,-9.64663012135552
8518,-9.64663012135552
8519,-9.64663012135552
8520,-9.64663012135552
8521,-9.64663012135552
8522,-9.64663012135552
8523,-9.64663012135552
8524,-9.64663012135552
8525,-9.64663012135552
8526,-9.64663012135552
8527,-9.64663012135552
8528,-9.64663012135552
8529,-9.64663012135552
8530,-9.64663012135552
8531,-9.64663012135552
8532,-9.64663012135552
8533,-9.64663012135552
8534,-9.64663012135552
8535,-9.64663012135552
8536,-9.64663012135552
8537,-9.64663012135552
8538,-9.64663012135552
8539,-9.64663012135552
8540,-9.64663012135552
8541,-9.64663012135552
8542,-9.64663012135552
8543,-9.64663012135552
8544,-9.64663012135552
8545,-9.64663012135552
8546,-9.64663012135552
8547,-9.64663012135552
8548,-9.64663012135552
8549,-9.64663012135552
8550,-9.64663012135552
8551,-9.64663012135552
8552,-9.64663012135552
8553,-9.64663012135552
8554,-9.64663012135552
8555,-9.64663012135552
8556,-9.64663012135552
8557,-9.64663012135552
8558,-9.64663012135552
8559,-9.64663012135552
8560,-9.64663012135552
8561,-9.64663012135552
8562,-9.64663012135552
8563,-9.64663012135552
8564,-9.64663012135552
8565,-9.64663012135552
8566,-9.64663012135552
8567,-9.64663012135552
8568,-9.64663012135552
8569,-9.64663012135552
8570,-9.64663012135552
8571,-9.64663012135552
8572,-9.64663012135552
8573,-9.64663012135552
8574,-9.64663012135552
8575,-9.64663012135552
8576,-9.64663012135552
8577,-9.64663012135552
8578,-9.64663012135552
8579,-9.64663012135552
8580,-9.64663012135552
8581,-9.64663012135552
8582,-9.64663012135552
8583,-9.64663012135552
8584,-9.64663012135552
8585,-9.64663012135552
8586,-9.64663012135552
8587,-9.64663012135552
8588,-9.64663012135552
8589,-9.64663012135552
8590,-9.64663012135552
8591,-9.64663012135552
8592,-9.64663012135552
8593,-9.64663012135552
8594,-9.64663012135552
8595,-9.64663012135552
8596,-9.64663012135552
8597,-9.64663012135552
8598,-9.64663012135552
8599,-9.64663012135552
8600,-9.64663012135552
8601,-9.64663012135552
8602,-9.64663012135552
8603,-9.64663012135552
8604,-9.64663012135552
8605,-9.64663012135552
8606,-9.64663012135552
8607,-9.64663012135552
8608,-9.64663012135552
8609,-9.64663012135552
8610,-9.64663012135552
8611,-9.64663012135552
8612,-9.64663012135552
8613,-9.64663012135552
8614,-9.64663012135552
8615,-9.64663012135552
8616,-9.64663012135552
8617,-9.64663012135552
8618,-9.64663012135552
8619,-9.64663012135552
8620,-9.64663012135552
8621,-9.64663012135552
8622,-9.64663012135552
8623,-9.64663012135552
8624,-9.64663012135552
8625,-9.64663012135552
8626,-9.64663012135552
8627,-9.64663012135552
8628,-9.64663012135552
8629,-9.64663012135552
8630,-9.64663012135552
8631,-9.64663012135552
8632,-9.64663012135552
8633,-9.64663012135552
8634,-9.64663012135552
8635,-9.64663012135552
8636,-9.64663012135552
8637,-9.64663012135552
8638,-9.64663012135552
8639,-9.64663012135552
8640,-9.64663012135552
8641,-9.64663012135552
8642,-9.64663012135552
8643,-9.64663012135552
8644,-9.64663012135552
8645,-9.64663012135552
8646,-9.64663012135552
8647,-9.64663012135552
8648,-9.64663012135552
8649,-9.64663012135552
8650,-9.64663012135552
8651,-9.64663012135552
8652,-9.64663012135552
8653,-9.64663012135552
8654,-9.64663012135552
8655,-9.64663012135552
8656,-9.64663012135552
8657,-9.64663012135552
8658,-9.64663012135552
8659,-9.64663012135552
8660,-9.64663012135552
8661,-9.64663012135552
8662,-9.64663012135552
8663,-9.64663012135552
8664,-9.64663012135552
8665,-9.64663012135552
8666,-9.64663012135552
8667,-9.64663012135552
8668,-9.64663012135552
8669,-9.64663012135552
8670,-9.64663012135552
8671,-9.64663012135552
8672,-9.64663012135552
8673,-9.64663012135552
8674,-9.64663012135552
8675,-9.64663012135552
8676,-9.64663012135552
8677,-9.64663012135552
8678,-9.64663012135552
8679,-9.64663012135552
8680,-9.64663012135552
8681,-9.64663012135552
8682,-9.64663012135552
8683,-9.64663012135552
8684,-9.64663012135552
8685,-9.64663012135552
8686,-9.64663012135552
8687,-9.64663012135552
8688,-9.64663012135552
8689,-9.64663012135552
8690,-9.64663012135552
8691,-9.64663012135552
8692,-9.64663012135552
8693,-9.64663012135552
8694,-9.64663012135552
8695,-9.64663012135552
8696,-9.64663012135552
8697,-9.64663012135552
8698,-9.64663012135552
8699,-9.64663012135552
8700,-9.64663012135552
8701,-9.64663012135552
8702,-9.64663012135552
8703,-9.64663012135552
8704,-9.64663012135552
8705,-9.64663012135552
8706,-1.559925760444139
8707,-1.559925760444139
8708,-1.559925760444139
8709,-1.559925760444139
8710,-1.559925760444139
8711,-1.559925760444139
8712,-1.559925760444139
8713,-1.559925760444139
8714,-1.559925760444139
8715,-1.559925760444139
8716,-1.559925760444139
8717,-1.559925760444139
8718,-1.559925760444139
8719,-1.559925760444139
8720,-1.559925760444139
8721,-1.559925760444139
8722,-1.559925760444139
8723,-1.559925760444139
8724,-1.559925760444139
8725,-1.559925760444139
8726,-1.559925760444139
8727,-1.559925760444139
8728,-1.559925760444139
8729,-1.559925760444139
8730,-1.559925760444139
8731,-1.559925760444139
8732,-1.559925760444139
8733,-1.559925760444139
8734,-1.559925760444139
8735,-1.559925760444139
8736,-1.559925760444139
8737,-1.559925760444139
8738,-1.559925760444139
8739,-1.559925760444139
8740,-1.559925760444139
8741,-1.559925760444139
8742,-1.559925760444139
8743,-1.559925760444139
8744,-1.559925760444139
8745,-1.559925760444139
8746,-1.559925760444139
8747,-1.559925760444139
8748,-1.559925760444139
8749,-1.559925760444139
8750,-1.559925760444139
8751,-1.559925760444139
8752,-1.559925760444139
8753,-1.559925760444139
8754,-1.559925760444139
8755,-1.559925760444139
8756,-1.559925760444139
8757,-1.559925760444139
8758,-1.559925760444139
8759,-1.559925760444139
8760,-1.559925760444139
8761,-1.559925760444139
8762,-1.559925760444139
8763,-1.559925760444139
8764,-1.559925760444139
8765,-1.559925760444139
8766,-1.559925760444139
8767,-1.559925760444139
8768,-1.559925760444139
8769,-1.559925760444139
8770,-1.559925760444139
8771,-1.559925760444139
8772,-1.559925760444139
8773,-1.559925760444139
8774,-1.559925760444139
8775,-1.559925760444139
8776,-1.559925760444139
8777,-1.559925760444139
8778,-1.559925760444139
8779,-1.559925760444139
8780,-1.559925760444139
8781,-1.559925760444139
8782,-1.559925760444139
8783,-1.559925760444139
8784,-1.559925760444139
8785,-1.559925760444139
8786,-1.559925760444139
8787,-1.559925760444139
8788,-1.559925760444139
8789,-1.559925760444139
8790,-1.559925760444139
8791,-1.559925760444139
8792,-1.559925760444139
8793,-1.559925760444139
8794,-1.559925760444139
8795,-1.559925760444139
8796,-1.559925760444139
8797,-1.559925760444139
8798,-1.559925760444139
8799,-1.559925760444139
8800,-1.559925760444139
8801,-1.559925760444139
8802,-1.559925760444139
8803,-1.559925760444139
8804,-1.559925760444139
8805,-1.559925760444139
8806,-1.559925760444139
8807,-1.559925760444139
8808,-1.559925760444139
8809,-1.559925760444139
8810,-1.559925760444139
8811,-1.559925760444139
8812,-1.559925760444139
8813,-1.559925760444139
8814,-1.559925760444139
8815,-1.559925760444139
8816,-1.559925760444139
8817,-1.559925760444139
8818,-1.559925760444139
8819,-1.559925760444139
8820,-1.559925760444139
8821,-1.559925760444139
8822,-1.559925760444139
8823,-1.559925760444139
8824,-1.559925760444139
8825,-1.559925760444139
8826,-1.559925760444139
8827,-1.559925760444139
8828,-1.559925760444139
8829,-1.559925760444139
8830,-1.559925760444139
8831,-1.559925760444139
8832,-1.559925760444139
8833,-1.559925760444139
8834,-1.559925760444139
8835,-1.559925760444139
8836,-1.559925760444139
8837,-1.559925760444139
8838,-1.559925760444139
8839,-1.559925760444139
8840,-1.559925760444139
8841,-1.559925760444139
8842,-1.559925760444139
8843,-1.559925760444139
8844,-1.559925760444139
8845,-1.559925760444139
8846,-1.559925760444139
8847,-1.559925760444139
8848,-1.559925760444139
8849,-1.559925760444139
8850,-1.559925760444139
8851,-1.559925760444139
8852,-1.559925760444139
8853,-1.559925760444139
8854,-1.559925760444139
8855,-1.559925760444139
8856,-1.559925760444139
8857,-1.559925760444139
8858,-1.559925760444139
8859,-1.559925760444139
8860,-1.559925760444139
8861,-1.559925760444139
8862,-1.559925760444139
8863,-1.559925760444139
8864,-1.559925760444139
8865,-1.559925760444139
8866,-1.559925760444139
8867,-1.559925760444139
8868,-1.559925760444139
8869,-1.559925760444139
8870,-1.559925760444139
8871,-1.559925760444139
8872,-1.559925760444139
8873,-1.559925760444139
8874,-1.559925760444139
8875,-1.559925760444139
8876,-1.559925760444139
8877,-1.559925760444139
8878,-1.559925760444139
8879,-1.559925760444139
8880,-1.559925760444139
8881,-1.559925760444139
8882,-1.559925760444139
8883,-1.559925760444139
8884,-1.559925760444139
8885,-1.559925760444139
8886,-1.559925760444139
8887,-1.559925760444139
8888,-1.559925760444139
8889,-1.559925760444139
8890,-1.559925760444139
8891,-1.559925760444139
8892,-1.559925760444139
8893,-1.559925760444139
8894,-1.559925760444139
8895,-1.559925760444139
8896,-1.559925760444139
8897,-1.559925760444139
8898,-1.559925760444139
8899,-1.559925760444139
8900,-1.559925760444139
8901,-1.559925760444139
8902,-1.559925760444139
8903,-1.559925760444139
8904,-1.559925760444139
8905,-1.559925760444139
8906,-1.559925760444139
8907,-1.559925760444139
8908,-1.559925760444139
8909,-1.559925760444139
8910,-1.559925760444139
8911,-1.559925760444139
8912,-1.559925760444139
8913,-1.559925760444139
8914,-1.559925760444139
8915,-1.559925760444139
8916,-1.559925760444139
8917,-1.559925760444139
8918,-1.559925760444139
8919,-1.559925760444139
8920,-1.559925760444139
8921,-1.559925760444139
8922,-1.559925760444139
8923,-1.559925760444139
8924,-1.559925760444139
8925,-1.559925760444139
8926,-1.559925760444139
8927,-1.559925760444139
8928,-1.559925760444139
8929,-1.559925760444139
8930,-1.559925760444139
8931,-1.559925760444139
8932,-1.559925760444139
8933,-1.559925760444139
8934,-1.559925760444139
8935,-1.559925760444139
8936,-1.559925760444139
8937,-1.559925760444139
8938,-1.559925760444139
8939,-1.559925760444139
8940,-1.559925760444139
8941,-1.559925760444139
8942,-1.559925760444139
8943,-1.559925760444139
8944,-1.559925760444139
8945,-1.559925760444139
8946,-1.559925760444139
8947,-1.559925760444139
8948,-1.559925760444139
8949,-1.559925760444139
8950,-1.559925760444139
8951,-1.559925760444139
8952,-1.559925760444139
8953,-1.559925760444139
8954,-1.559925760444139
8955,-1.559925760444139
8956,-1.559925760444139
8957,-1.559925760444139
8958,-1.559925760444139
8959,-1.559925760444139
8960,-1.559925760444139
8961,-1.559925760444139
8962,-1.559925760444139
8963,-1.559925760444139
8964,-1.559925760444139
8965,-1.559925760444139
8966,-1.559925760444139
8967,-1.559925760444139
8968,-1.559925760444139
8969,-1.559925760444139
8970,-1.559925760444139
8971,-1.559925760444139
8972,-1.559925760444139
8973,-1.559925760444139
8974,-1.559925760444139
8975,-1.559925760444139
8976,-1.559925760444139
8977,-1.559925760444139
8978,-1.559925760444139
8979,-1.559925760444139
8980,-1.559925760444139
8981,-1.559925760444139
8982,-1.559925760444139
8983,-1.559925760444139
8984,-1.559925760444139
8985,-1.559925760444139
8986,-1.559925760444139
8987,-1.559925760444139
8988,-1.559925760444139
8989,-1.559925760444139
8990,-1.559925760444139
8991,-1.559925760444139
8992,-1.559925760444139
8993,-1.559925760444139
8994,-1.559925760444139
8995,-1.559925760444139
8996,-1.559925760444139
8997,-1.559925760444139
8998,-1.559925760444139
8999,-1.559925760444139
9000,-1.559925760444139
9001,-1.559925760444139
9002,-1.559925760444139
9003,-1.559925760444139
9004,-1.559925760444139
9005,-1.559925760444139
9006,-1.559925760444139
9007,-1.559925760444139
9008,-1.559925760444139
9009,-1.559925760444139
9010,-1.559925760444139
9011,-1.559925760444139
9012,-1.559925760444139
9013,-1.559925760444139
9014,-1.559925760444139
9015,-1.559925760444139
9016,-1.559925760444139
9017,-1.559925760444139
9018,-1.559925760444139
9019,-1.559925760444139
9020,-1.559925760444139
9021,-1.559925760444139
9022,-1.559925760444139
9023,-1.559925760444139
9024,-1.559925760444139
9025,-1.559925760444139
9026,-1.559925760444139
9027,-1.559925760444139
9028,-1.559925760444139
9029,-1.559925760444139
9030,-1.559925760444139
9031,-1.559925760444139
9032,-1.559925760444139
9033,-1.559925760444139
9034,-1.559925760444139
9035,-1.559925760444139
9036,-1.559925760444139
9037,-1.559925760444139
9038,-1.559925760444139
9039,-1.559925760444139
9040,-1.559925760444139
9041,-1.559925760444139
9042,-1.559925760444139
9043,-1.559925760444139
9044,-1.559925760444139
9045,-1.559925760444139
9046,-1.559925760444139
9047,-1.559925760444139
9048,-1.559925760444139
9049,-1.559925760444139
9050,-1.559925760444139
9051,-1.559925760444139
9052,-1.559925760444139
9053,-1.559925760444139
9054,-1.559925760444139
9055,-1.559925760444139
9056,-1.559925760444139
9057,-1.559925760444139
9058,-1.559925760444139
9059,-1.559925760444139
9060,-1.559925760444139
9061,-1.559925760444139
9062,-1.559925760444139
9063,-1.559925760444139
9064,-1.559925760444139
9065,-1.559925760444139
9066,-1.559925760444139
9067,-1.559925760444139
9068,-1.559925760444139
9069,-1.559925760444139
9070,-1.559925760444139
9071,-1.559925760444139
9072,-1.559925760444139
9073,-1.559925760444139
9074,-1.559925760444139
9075,-1.559925760444139
9076,-1.559925760444139
9077,-1.559925760444139
9078,-1.559925760444139
9079,-1.559925760444139
9080,-1.559925760444139
9081,-1.559925760444139
9082,-1.559925760444139
9083,-1.559925760444139
9084,-1.559925760444139
9085,-1.559925760444139
9086,-1.559925760444139
9087,-1.559925760444139
9088,-1.559925760444139
9089,-1.559925760444139
9090,-1.559925760444139
9091,-1.559925760444139
9092,-1.559925760444139
9093,-1.559925760444139
9094,-1.559925760444139
9095,-1.559925760444139
9096,-1.559925760444139
9097,-1.559925760444139
9098,-1.559925760444139
9099,-1.559925760444139
9100,-1.559925760444139
9101,-1.559925760444139
9102,-1.559925760444139
9103,-1.559925760444139
9104,-1.559925760444139
9105,-1.559925760444139
9106,-1.559925760444139
9107,-1.559925760444139
9108,-1.559925760444139
9109,-1.559925760444139
9110,-1.559925760444139
9111,-1.559925760444139
9112,-1.559925760444139
9113,-1.559925760444139
9114,-1.559925760444139
9115,-1.559925760444139
9116,-1.559925760444139
9117,-1.559925760444139
9118,-1.559925760444139
9119,-1.559925760444139
9120,-1.559925760444139
9121,-1.559925760444139
9122,-1.559925760444139
9123,-1.559925760444139
9124,-1.559925760444139
9125,-1.559925760444139
9126,-1.559925760444139
9127,-1.559925760444139
9128,-1.559925760444139
9129,-1.559925760444139
9130,-1.559925760444139
9131,-1.559925760444139
9132,-1.559925760444139
9133,-1.559925760444139
9134,-1.559925760444139
9135,-1.559925760444139
9136,-1.559925760444139
9137,-1.559925760444139
9138,-1.559925760444139
9139,-1.559925760444139
9140,-1.559925760444139
9141,-1.559925760444139
9142,-1.559925760444139
9143,-1.559925760444139
9144,-1.559925760444139
9145,-1.559925760444139
9146,-1.559925760444139
9147,-1.559925760444139
9148,-1.559925760444139
9149,-1.559925760444139
9150,-1.559925760444139
9151,-1.559925760444139
9152,-1.559925760444139
9153,-1.559925760444139
9154,-1.559925760444139
9155,-1.559925760444139
9156,-1.559925760444139
9157,-1.559925760444139
9158,-1.559925760444139
9159,-1.559925760444139
9160,-1.559925760444139
9161,-1.559925760444139
9162,-1.559925760444139
9163,-1.559925760444139
9164,-1.559925760444139
9165,-1.559925760444139
9166,-1.559925760444139
9167,-1.559925760444139
9168,-1.559925760444139
9169,-1.559925760444139
9170,-1.559925760444139
9171,-1.559925760444139
9172,-1.559925760444139
9173,-1.559925760444139
9174,-1.559925760444139
9175,-1.559925760444139
9176,-1.559925760444139
9177,-1.559925760444139
9178,-1.559925760444139
9179,-1.559925760444139
9180,-1.559925760444139
9181,-1.559925760444139
9182,-1.559925760444139
9183,-1.559925760444139
9184,-1.559925760444139
9185,-1.559925760444139
9186,-1.559925760444139
9187,-1.559925760444139
9188,-1.559925760444139
9189,-1.559925760444139
9190,-1.559925760444139
9191,-1.559925760444139
9192,-1.559925760444139
9193,-1.559925760444139
9194,-1.559925760444139
9195,-1.559925760444139
9196,-1.559925760444139
9197,-1.559925760444139
9198,-1.559925760444139
9199,-1.559925760444139
9200,-1.559925760444139
9201,-1.559925760444139
9202,-1.559925760444139
9203,-1.559925760444139
9204,-1.559925760444139
9205,-1.559925760444139
9206,-1.559925760444139
9207,-1.559925760444139
9208,-1.559925760444139
9209,-1.559925760444139
9210,-1.559925760444139
9211,-1.559925760444139
9212,-1.559925760444139
9213,-1.559925760444139
9214,-1.559925760444139
9215,-1.559925760444139
9216,-1.559925760444139
9217,-1.559925760444139
9218,-1.559925760444139
9219,-1.559925760444139
9220,-1.559925760444139
9221,-1.559925760444139
9222,-1.559925760444139
9223,-1.559925760444139
9224,-1.559925760444139
9225,-1.559925760444139
9226,-1.559925760444139
9227,-1.559925760444139
9228,-1.559925760444139
9229,-1.559925760444139
9230,-1.559925760444139
9231,-1.559925760444139
9232,-1.559925760444139
9233,-1.559925760444139
9234,-1.559925760444139
9235,-1.559925760444139
9236,-1.559925760444139
9237,-1.559925760444139
9238,-1.559925760444139
9239,-1.559925760444139
9240,-1.559925760444139
9241,-1.559925760444139
9242,-1.559925760444139
9243,-1.559925760444139
9244,-1.559925760444139
9245,-1.559925760444139
9246,-1.559925760444139
9247,-1.559925760444139
9248,-1.559925760444139
9249,-1.559925760444139
9250,-1.559925760444139
9251,-1.559925760444139
9252,-1.559925760444139
9253,-1.559925760444139
9254,-1.559925760444139
9255,-1.559925760444139
9256,-1.559925760444139
9257,-1.559925760444139
9258,-1.559925760444139
9259,-1.559925760444139
9260,-1.559925760444139
9261,-1.559925760444139
9262,-1.559925760444139
9263,-1.559925760444139
9264,-1.559925760444139
9265,-1.559925760444139
9266,-1.559925760444139
9267,-1.559925760444139
9268,-1.559925760444139
9269,-1.559925760444139
9270,-1.559925760444139
9271,-1.559925760444139
9272,-1.559925760444139
9273,-1.559925760444139
9274,-1.559925760444139
9275,-1.559925760444139
9276,-1.559925760444139
9277,-1.559925760444139
9278,-1.559925760444139
9279,-1.559925760444139
9280,-1.559925760444139
9281,-1.559925760444139
9282,-1.559925760444139
9283,-1.559925760444139
9284,-1.559925760444139
9285,-1.559925760444139
9286,-1.559925760444139
9287,-1.559925760444139
9288,-1.559925760444139
9289,-1.559925760444139
9290,-1.559925760444139
9291,-1.559925760444139
9292,-1.559925760444139
9293,-1.559925760444139
9294,-1.559925760444139
9295,-1.559925760444139
9296,-1.559925760444139
9297,-1.559925760444139
9298,-1.559925760444139
9299,-1.559925760444139
9300,-1.559925760444139
9301,-1.559925760444139
9302,-1.559925760444139
9303,-1.559925760444139
9304,-1.559925760444139
9305,-1.559925760444139
9306,-1.559925760444139
9307,-1.559925760444139
9308,-1.559925760444139
9309,-1.559925760444139
9310,-1.559925760444139
9311,-1.559925760444139
9312,-1.559925760444139
9313,-1.559925760444139
9314,-1.559925760444139
9315,-1.559925760444139
9316,-1.559925760444139
9317,-1.559925760444139
9318,-1.559925760444139
9319,-1.559925760444139
9320,-1.559925760444139
9321,-1.559925760444139
9322,-1.559925760444139
9323,-1.559925760444139
9324,-1.559925760444139
9325,-1.559925760444139
9326,-1.559925760444139
9327,-1.559925760444139
9328,-1.559925760444139
9329,-1.559925760444139
9330,-1.559925760444139
9331,-1.559925760444139
9332,-1.559925760444139
9333,-1.559925760444139
9334,-1.559925760444139
9335,-1.559925760444139
9336,-1.559925760444139
9337,-1.559925760444139
9338,-1.559925760444139
9339,-1.559925760444139
9340,-1.559925760444139
9341,-1.559925760444139
9342,-1.559925760444139
9343,-1.559925760444139
9344,-1.559925760444139
9345,-1.559925760444139
9346,-1.559925760444139
9347,-1.559925760444139
9348,-1.559925760444139
9349,-1.559925760444139
9350,-1.559925760444139
9351,-1.559925760444139
9352,-1.559925760444139
9353,-1.559925760444139
9354,-1.559925760444139
9355,-1.559925760444139
9356,-1.559925760444139
9357,-1.559925760444139
9358,-1.559925760444139
9359,-1.559925760444139
9360,-1.559925760444139
9361,-1.559925760444139
9362,-1.559925760444139
9363,-1.559925760444139
9364,-1.559925760444139
9365,-1.559925760444139
9366,-1.559925760444139
9367,-1.559925760444139
9368,-1.559925760444139
9369,-1.559925760444139
9370,-1.559925760444139
9371,-1.559925760444139
9372,-1.559925760444139
9373,-1.559925760444139
9374,-1.559925760444139
9375,-1.559925760444139
9376,-1.559925760444139
9377,-1.559925760444139
9378,-1.559925760444139
9379,-1.559925760444139
9380,-1.559925760444139
9381,-1.559925760444139
9382,-1.559925760444139
9383,-1.559925760444139
9384,-1.559925760444139
9385,-1.559925760444139
9386,-1.559925760444139
9387,-1.559925760444139
9388,-1.559925760444139
9389,-1.559925760444139
9390,-1.559925760444139
9391,-1.559925760444139
9392,-1.559925760444139
9393,-1.559925760444139
9394,-1.559925760444139
9395,-1.559925760444139
9396,-1.559925760444139
9397,-1.559925760444139
9398,-1.559925760444139
9399,-1.559925760444139
9400,-1.559925760444139
9401,-1.559925760444139
9402,-1.559925760444139
9403,-1.559925760444139
9404,-1.559925760444139
9405,-1.559925760444139
9406,-1.559925760444139
9407,-1.559925760444139
9408,-1.559925760444139
9409,-1.559925760444139
9410,-1.559925760444139
9411,-1.559925760444139
9412,-1.559925760444139
9413,-1.559925760444139
9414,-1.559925760444139
9415,-1.559925760444139
9416,-1.559925760444139
9417,-1.559925760444139
9418,-1.559925760444139
9419,-1.559925760444139
9420,-1.559925760444139
9421,-1.559925760444139
9422,-1.559925760444139
9423,-1.559925760444139
9424,-1.559925760444139
9425,-1.559925760444139
9426,-1.559925760444139
9427,-1.559925760444139
9428,-1.559925760444139
9429,-1.559925760444139
9430,-1.559925760444139
9431,-1.559925760444139
9432,-1.559925760444139
9433,-1.559925760444139
9434,-1.559925760444139
9435,-1.559925760444139
9436,-1.559925760444139
9437,-1.559925760444139
9438,-1.559925760444139
9439,-1.559925760444139
9440,-1.559925760444139
9441,-1.559925760444139
9442,-1.559925760444139
9443,-1.559925760444139
9444,-1.559925760444139
9445,-1.559925760444139
9446,-1.559925760444139
9447,-1.559925760444139
9448,-1.559925760444139
9449,-1.559925760444139
9450,-1.559925760444139
9451,-1.559925760444139
9452,-1.559925760444139
9453,-1.559925760444139
9454,-1.559925760444139
9455,-1.559925760444139
9456,-1.559925760444139
9457,-1.559925760444139
9458,-1.559925760444139
9459,-1.559925760444139
9460,-1.559925760444139
9461,-1.559925760444139
9462,-1.559925760444139
9463,-1.559925760444139
9464,-1.559925760444139
9465,-1.559925760444139
9466,-1.559925760444139
9467,-1.559925760444139
9468,-1.559925760444139
9469,-1.559925760444139
9470,-1.559925760444139
9471,-1.559925760444139
9472,-1.559925760444139
9473,-1.559925760444139
9474,-1.559925760444139
9475,-1.559925760444139
9476,-1.559925760444139
9477,-1.559925760444139
9478,-1.559925760444139
9479,-1.559925760444139
9480,-1.559925760444139
9481,-1.559925760444139
9482,-1.559925760444139
9483,-1.559925760444139
9484,-1.559925760444139
9485,-1.559925760444139
9486,-1.559925760444139
9487,-1.559925760444139
9488,-1.559925760444139
9489,-1.559925760444139
9490,-1.559925760444139
9491,-1.559925760444139
9492,-1.559925760444139
9493,-1.559925760444139
9494,-1.559925760444139
9495,-1.559925760444139
9496,-1.559925760444139
9497,-1.559925760444139
9498,-1.559925760444139
9499,-1.559925760444139
9500,-1.559925760444139
9501,-1.559925760444139
9502,-1.559925760444139
9503,-1.559925760444139
9504,-1.559925760444139
9505,-1.559925760444139
9506,-1.559925760444139
9507,-1.559925760444139
9508,-1.559925760444139
9509,-1.559925760444139
9510,-1.559925760444139
9511,-1.559925760444139
9512,-1.559925760444139
9513,-1.559925760444139
9514,-1.559925760444139
9515,-1.559925760444139
9516,-1.559925760444139
9517,-1.559925760444139
9518,-1.559925760444139
9519,-1.559925760444139
9520,-1.559925760444139
9521,-1.559925760444139
9522,-1.559925760444139
9523,-1.559925760444139
9524,-1.559925760444139
9525,-1.559925760444139
9526,-1.559925760444139
9527,-1.559925760444139
9528,-1.559925760444139
9529,-1.559925760444139
9530,-1.559925760444139
9531,-1.559925760444139
9532,-1.559925760444139
9533,-1.559925760444139
9534,-1.559925760444139
9535,-1.559925760444139
9536,-1.559925760444139
9537,-1.559925760444139
9538,-1.559925760444139
9539,-1.559925760444139
9540,-1.559925760444139
9541,-1.559925760444139
9542,-1.559925760444139
9543,-1.559925760444139
9544,-1.559925760444139
9545,-1.559925760444139
9546,-1.559925760444139
9547,-1.559925760444139
9548,-1.559925760444139
9549,-1.559925760444139
9550,-1.559925760444139
9551,-1.559925760444139
9552,-1.559925760444139
9553,-1.559925760444139
9554,-1.559925760444139
9555,-1.559925760444139
9556,-1.559925760444139
9557,-1.559925760444139
9558,-1.559925760444139
9559,-1.559925760444139
9560,-1.559925760444139
9561,-1.559925760444139
9562,-1.559925760444139
9563,-1.559925760444139
9564,-1.559925760444139
9565,-1.559925760444139
9566,-1.559925760444139
9567,-1.559925760444139
9568,-1.559925760444139
9569,-1.559925760444139
9570,-1.559925760444139
9571,-1.559925760444139
9572,-1.559925760444139
9573,-1.559925760444139
9574,-1.559925760444139
9575,-1.559925760444139
9576,-1.559925760444139
9577,-1.559925760444139
9578,-1.559925760444139
9579,-1.559925760444139
9580,-1.559925760444139
9581,-1.559925760444139
9582,-1.559925760444139
9583,-1.559925760444139
9584,-1.559925760444139
9585,-1.559925760444139
9586,-1.559925760444139
9587,-1.559925760444139
9588,-1.559925760444139
9589,-1.559925760444139
9590,-1.559925760444139
9591,-1.559925760444139
9592,-1.559925760444139
9593,-1.559925760444139
9594,-1.559925760444139
9595,-1.559925760444139
9596,-1.559925760444139
9597,-1.559925760444139
9598,-1.559925760444139
9599,-1.559925760444139
9600,-1.559925760444139
9601,-1.559925760444139
9602,-1.559925760444139
9603,-1.559925760444139
9604,-1.559925760444139
9605,-1.559925760444139
9606,-1.559925760444139
9607,-1.559925760444139
9608,-1.559925760444139
9609,-1.559925760444139
9610,-1.559925760444139
9611,-1.559925760444139
9612,-1.559925760444139
9613,-1.559925760444139
9614,-1.559925760444139
9615,-1.559925760444139
9616,-1.559925760444139
9617,-1.559925760444139
9618,-1.559925760444139
9619,-1.559925760444139
9620,-1.559925760444139
9621,-1.559925760444139
9622,-1.559925760444139
9623,-1.559925760444139
9624,-1.559925760444139
9625,-1.559925760444139
9626,-1.559925760444139
9627,-1.559925760444139
9628,-1.559925760444139
9629,-1.559925760444139
9630,-1.559925760444139
9631,-1.559925760444139
9632,-1.559925760444139
9633,-1.559925760444139
9634,-1.559925760444139
9635,-1.559925760444139
9636,-1.559925760444139
9637,-1.559925760444139
9638,-1.559925760444139
9639,-1.559925760444139
9640,-1.559925760444139
9641,-1.559925760444139
9642,-1.559925760444139
9643,-1.559925760444139
9644,-1.559925760444139
9645,-1.559925760444139
9646,-1.559925760444139
9647,-1.559925760444139
9648,-1.559925760444139
9649,-1.559925760444139
9650,-1.559925760444139
9651,-1.559925760444139
9652,-1.559925760444139
9653,-1.559925760444139
9654,-1.559925760444139
9655,-1.559925760444139
9656,-1.559925760444139
9657,-1.559925760444139
9658,-1.559925760444139
9659,-1.559925760444139
9660,-1.559925760444139
9661,-1.559925760444139
9662,-1.559925760444139
9663,-1.559925760444139
9664,-1.559925760444139
9665,-1.559925760444139
9666,-1.559925760444139
9667,-1.559925760444139
9668,-1.559925760444139
9669,-1.559925760444139
9670,-1.559925760444139
9671,-1.559925760444139
9672,-1.559925760444139
9673,-1.559925760444139
9674,-1.559925760444139
9675,-1.559925760444139
9676,-1.559925760444139
9677,-1.559925760444139
9678,-1.559925760444139
9679,-1.559925760444139
9680,-1.559925760444139
9681,-1.559925760444139
9682,-1.559925760444139
9683,-1.559925760444139
9684,-1.559925760444139
9685,-1.559925760444139
9686,-1.559925760444139
9687,-1.559925760444139
9688,-1.559925760444139
9689,-1.559925760444139
9690,-1.559925760444139
9691,-1.559925760444139
9692,-1.559925760444139
9693,-1.559925760444139
9694,-1.559925760444139
9695,-1.559925760444139
9696,-1.559925760444139
9697,-1.559925760444139
9698,-1.559925760444139
9699,-1.559925760444139
9700,-1.559925760444139
9701,-1.559925760444139
9702,-1.559925760444139
9703,-1.559925760444139
9704,-1.559925760444139
9705,-1.559925760444139
9706,-1.559925760444139
9707,-1.559925760444139
9708,-1.559925760444139
9709,-1.559925760444139
9710,-1.559925760444139
9711,-1.559925760444139
9712,-1.559925760444139
9713,-1.559925760444139
9714,-1.559925760444139
9715,-1.559925760444139
9716,-1.559925760444139
9717,-1.559925760444139
9718,-1.559925760444139
9719,-1.559925760444139
9720,-1.559925760444139
9721,-1.559925760444139
9722,-1.559925760444139
9723,-1.559925760444139
9724,-1.559925760444139
9725,-1.559925760444139
9726,-1.559925760444139
9727,-1.559925760444139
9728,-1.559925760444139
9729,-1.559925760444139
9730,-1.559925760444139
9731,-1.559925760444139
9732,-1.559925760444139
9733,-1.559925760444139
9734,-1.559925760444139
9735,-1.559925760444139
9736,-1.559925760444139
9737,-1.559925760444139
9738,-1.559925760444139
9739,-1.559925760444139
9740,-1.559925760444139
9741,-1.559925760444139
9742,-1.559925760444139
9743,-1.559925760444139
9744,-1.559925760444139
9745,-1.559925760444139
9746,-1.559925760444139
9747,-1.559925760444139
9748,-1.559925760444139
9749,-1.559925760444139
9750,-1.559925760444139
9751,-1.559925760444139
9752,-1.559925760444139
9753,-1.559925760444139
9754,-1.559925760444139
9755,-1.559925760444139
9756,-1.559925760444139
9757,-1.559925760444139
9758,-1.559925760444139
9759,-1.559925760444139
9760,-1.559925760444139
9761,-1.559925760444139
9762,-1.559925760444139
9763,-1.559925760444139
9764,-1.559925760444139
9765,-1.559925760444139
9766,-1.559925760444139
9767,-1.559925760444139
9768,-1.559925760444139
9769,-1.559925760444139
9770,-1.559925760444139
9771,-1.559925760444139
9772,-1.559925760444139
9773,-1.559925760444139
9774,-1.559925760444139
9775,-1.559925760444139
9776,-1.559925760444139
9777,-1.559925760444139
9778,-1.559925760444139
9779,-1.559925760444139
9780,-1.559925760444139
9781,-1.559925760444139
9782,-1.559925760444139
9783,-1.559925760444139
9784,-1.559925760444139
9785,-1.559925760444139
9786,-1.559925760444139
9787,-1.559925760444139
9788,-1.559925760444139
9789,-1.559925760444139
9790,-1.559925760444139
9791,-1.559925760444139
9792,-1.559925760444139
9793,-1.559925760444139
9794,-1.559925760444139
9795,-1.559925760444139
9796,-1.559925760444139
9797,-1.559925760444139
9798,-1.559925760444139
9799,-1.559925760444139
9800,-1.559925760444139
9801,-1.559925760444139
9802,-1.559925760444139
9803,-1.559925760444139
9804,-1.559925760444139
9805,-1.559925760444139
9806,-1.559925760444139
9807,-1.559925760444139
9808,-1.559925760444139
9809,-1.559925760444139
9810,-1.559925760444139
9811,-1.559925760444139
9812,-1.559925760444139
9813,-1.559925760444139
9814,-1.559925760444139
9815,-1.559925760444139
9816,-1.559925760444139
9817,-1.559925760444139
9818,-1.559925760444139
9819,-1.559925760444139
9820,-1.559925760444139
9821,-1.559925760444139
9822,-1.559925760444139
9823,-1.559925760444139
9824,-1.559925760444139
9825,-1.559925760444139
9826,-1.559925760444139
9827,-1.559925760444139
9828,-1.559925760444139
9829,-1.559925760444139
9830,-1.559925760444139
9831,-1.559925760444139
9832,-1.559925760444139
9833,-1.559925760444139
9834,-1.559925760444139
9835,-1.559925760444139
9836,-1.559925760444139
9837,-1.559925760444139
9838,-1.559925760444139
9839,-1.559925760444139
9840,-1.559925760444139
9841,-1.559925760444139
9842,-1.559925760444139
9843,-1.559925760444139
9844,-1.559925760444139
9845,-1.559925760444139
9846,-1.559925760444139
9847,-1.559925760444139
9848,-1.559925760444139
9849,-1.559925760444139
9850,-1.559925760444139
9851,-1.559925760444139
9852,-1.559925760444139
9853,-1.559925760444139
9854,-1.559925760444139
9855,-1.559925760444139
9856,-1.559925760444139
9857,-1.559925760444139
9858,-1.559925760444139
9859,-1.559925760444139
9860,-1.559925760444139
9861,-1.559925760444139
9862,-1.559925760444139
9863,-1.559925760444139
9864,-1.559925760444139
9865,-1.559925760444139
9866,-1.559925760444139
9867,-1.559925760444139
9868,-1.559925760444139
9869,-1.559925760444139
9870,-1.559925760444139
9871,-1.559925760444139
9872,-1.559925760444139
9873,-1.559925760444139
9874,-1.559925760444139
9875,-1.559925760444139
9876,-1.559925760444139
9877,-1.559925760444139
9878,-1.559925760444139
9879,-1.559925760444139
9880,-1.559925760444139
9881,-1.559925760444139
9882,-1.559925760444139
9883,-1.559925760444139
9884,-1.559925760444139
9885,-1.559925760444139
9886,-1.559925760444139
9887,-1.559925760444139
9888,-1.559925760444139
9889,-1.559925760444139
9890,-1.559925760444139
9891,-1.559925760444139
9892,-1.559925760444139
9893,-1.559925760444139
9894,-1.559925760444139
9895,-1.559925760444139
9896,-1.559925760444139
9897,-1.559925760444139
9898,-1.559925760444139
9899,-1.559925760444139
9900,-1.559925760444139
9901,-1.559925760444139
9902,-1.559925760444139
9903,-1.559925760444139
9904,-1.559925760444139
9905,-1.559925760444139
9906,-1.559925760444139
9907,-1.559925760444139
9908,-1.559925760444139
9909,-1.559925760444139
9910,-1.559925760444139
9911,-1.559925760444139
9912,-1.559925760444139
9913,-1.559925760444139
9914,-1.559925760444139
9915,-1.559925760444139
9916,-1.559925760444139
9917,-1.559925760444139
9918,-1.559925760444139
9919,-1.559925760444139
9920,-1.559925760444139
9921,-1.559925760444139
9922,-1.559925760444139
9923,-1.559925760444139
9924,-1.559925760444139
9925,-1.559925760444139
9926,-1.559925760444139
9927,-1.559925760444139
9928,-1.559925760444139
9929,-1.559925760444139
9930,-1.559925760444139
9931,-1.559925760444139
9932,-1.559925760444139
9933,-1.559925760444139
9934,-1.559925760444139
9935,-1.559925760444139
9936,-1.559925760444139
9937,-1.559925760444139
9938,-1.559925760444139
9939,-1.559925760444139
9940,-1.559925760444139
9941,-1.559925760444139
9942,-1.559925760444139
9943,-1.559925760444139
9944,-1.559925760444139
9945,-1.559925760444139
9946,-1.559925760444139
9947,-1.559925760444139
9948,-1.559925760444139
9949,-1.559925760444139
9950,-1.559925760444139
9951,-1.559925760444139
9952,-1.559925760444139
9953,-1.559925760444139
9954,-1.559925760444139
9955,-1.559925760444139
9956,-1.559925760444139
9957,-1.559925760444139
9958,-1.559925760444139
9959,-1.559925760444139
9960,-1.559925760444139
9961,-1.559925760444139
9962,-1.559925760444139
9963,-1.559925760444139
9964,-1.559925760444139
9965,-1.559925760444139
9966,-1.559925760444139
9967,-1.559925760444139
9968,-1.559925760444139
9969,-1.559925760444139
9970,-1.559925760444139
9971,-1.559925760444139
9972,-1.559925760444139
9973,-1.559925760444139
9974,-1.559925760444139
9975,-1.559925760444139
9976,-1.559925760444139
9977,-1.559925760444139
9978,-1.559925760444139
9979,-1.559925760444139
9980,-1.559925760444139
9981,-1.559925760444139
9982,-1.559925760444139
9983,-1.559925760444139
9984,-1.559925760444139
9985,-1.559925760444139
9986,-1.559925760444139
9987,-1.559925760444139
9988,-1.559925760444139
9989,-1.559925760444139
9990,-1.559925760444139
9991,-1.559925760444139
9992,-1.559925760444139
9993,-1.559925760444139
9994,-1.559925760444139
9995,-1.559925760444139
9996,-1.559925760444139
9997,-1.559925760444139
9998,-1.559925760444139
9999,-1.559925760444139
10000,-1.559925760444139
10001,-1.559925760444139
10002,-1.559925760444139
10003,-1.559925760444139
10004,-1.559925760444139
10005,-1.559925760444139
10006,-1.559925760444139
10007,-1.559925760444139
10008,-1.559925760444139
10009,-1.559925760444139
10010,-1.559925760444139
10011,-1.559925760444139
10012,-1.559925760444139
10013,-1.559925760444139
10014,-1.559925760444139
10015,-1.559925760444139
10016,-1.559925760444139
10017,-1.559925760444139
10018,-1.559925760444139
10019,-1.559925760444139
10020,-1.559925760444139
10021,-1.559925760444139
10022,-1.559925760444139
10023,-1.559925760444139
10024,-1.559925760444139
10025,-1.559925760444139
10026,-1.559925760444139
10027,-1.559925760444139
10028,-1.559925760444139
10029,-1.559925760444139
10030,-1.559925760444139
10031,-1.559925760444139
10032,-1.559925760444139
10033,-1.559925760444139
10034,-1.559925760444139
10035,-1.559925760444139
10036,-1.559925760444139
10037,-1.559925760444139
10038,-1.559925760444139
10039,-1.559925760444139
10040,-1.559925760444139
10041,-1.559925760444139
10042,-1.559925760444139
10043,-1.559925760444139
10044,-1.559925760444139
10045,-1.559925760444139
10046,-1.559925760444139
10047,-1.559925760444139
10048,-1.559925760444139
10049,-1.559925760444139
10050,-1.559925760444139
10051,-1.559925760444139
10052,-1.559925760444139
10053,-1.559925760444139
10054,-1.559925760444139
10055,-1.559925760444139
10056,-1.559925760444139
10057,-1.559925760444139
10058,-1.559925760444139
10059,-1.559925760444139
10060,-1.559925760444139
10061,-1.559925760444139
10062,-1.559925760444139
10063,-1.559925760444139
10064,-1.559925760444139
10065,-1.559925760444139
10066,-1.559925760444139
10067,-1.559925760444139
10068,-1.559925760444139
10069,-1.559925760444139
10070,-1.559925760444139
10071,-1.559925760444139
10072,-1.559925760444139
10073,-1.559925760444139
10074,-1.559925760444139
10075,-1.559925760444139
10076,-1.559925760444139
10077,-1.559925760444139
10078,-1.559925760444139
10079,-1.559925760444139
10080,-1.559925760444139
10081,-1.559925760444139
10082,-1.559925760444139
10083,-1.559925760444139
10084,-1.559925760444139
10085,-1.559925760444139
10086,-1.559925760444139
10087,-1.559925760444139
10088,-1.559925760444139
10089,-1.559925760444139
10090,-1.559925760444139
10091,-1.559925760444139
10092,-1.559925760444139
10093,-1.559925760444139
10094,-1.559925760444139
10095,-1.559925760444139
10096,-1.559925760444139
10097,-1.559925760444139
10098,-1.559925760444139
10099,-1.559925760444139
10100,-1.559925760444139
10101,-1.559925760444139
10102,-1.559925760444139
10103,-1.559925760444139
10104,-1.559925760444139
10105,-1.559925760444139
10106,-1.559925760444139
10107,-1.559925760444139
10108,-1.559925760444139
10109,-1.559925760444139
10110,-1.559925760444139
10111,-1.559925760444139
10112,-1.559925760444139
10113,-1.559925760444139
10114,-1.559925760444139
10115,-1.559925760444139
10116,-1.559925760444139
10117,-1.559925760444139
10118,-1.559925760444139
10119,-1.559925760444139
10120,-1.559925760444139
10121,-1.559925760444139
10122,-1.559925760444139
10123,-1.559925760444139
10124,-1.559925760444139
10125,-1.559925760444139
10126,-1.559925760444139
10127,-1.559925760444139
10128,-1.559925760444139
10129,-1.559925760444139
10130,-1.559925760444139
10131,-1.559925760444139
10132,-1.559925760444139
10133,-1.559925760444139
10134,-1.559925760444139
10135,-1.559925760444139
10136,-1.559925760444139
10137,-1.559925760444139
10138,-1.559925760444139
10139,-1.559925760444139
10140,-1.559925760444139
10141,-1.559925760444139
10142,-1.559925760444139
10143,-1.559925760444139
10144,-1.559925760444139
10145,-1.559925760444139
10146,-1.559925760444139
10147,-1.559925760444139
10148,-1.559925760444139
10149,-1.559925760444139
10150,-1.559925760444139
10151,-1.559925760444139
10152,-1.559925760444139
10153,-1.559925760444139
10154,-1.559925760444139
10155,-1.559925760444139
10156,-1.559925760444139
10157,-1.559925760444139
10158,-1.559925760444139
10159,-1.559925760444139
10160,-1.559925760444139
10161,-1.559925760444139
10162,-1.559925760444139
10163,-1.559925760444139
10164,-1.559925760444139
10165,-1.559925760444139
10166,-1.559925760444139
10167,-1.559925760444139
10168,-1.559925760444139
10169,-1.559925760444139
10170,-1.559925760444139
10171,-1.559925760444139
10172,-1.559925760444139
10173,-1.559925760444139
10174,-1.559925760444139
10175,-1.559925760444139
10176,-1.559925760444139
10177,-1.559925760444139
10178,-1.559925760444139
10179,-1.559925760444139
10180,-1.559925760444139
10181,-1.559925760444139
10182,-1.559925760444139
10183,-1.559925760444139
10184,-1.559925760444139
10185,-1.559925760444139
10186,-1.559925760444139
10187,-1.559925760444139
10188,-1.559925760444139
10189,-1.559925760444139
10190,-1.559925760444139
10191,-1.559925760444139
10192,-1.559925760444139
10193,-1.559925760444139
10194,-1.559925760444139
10195,-1.559925760444139
10196,-1.559925760444139
10197,-1.559925760444139
10198,-1.559925760444139
10199,-1.559925760444139
10200,-1.559925760444139
10201,-1.559925760444139
10202,-1.559925760444139
10203,-1.559925760444139
10204,-1.559925760444139
10205,-1.559925760444139
10206,-1.559925760444139
10207,-1.559925760444139
10208,-1.559925760444139
10209,-1.559925760444139
10210,-1.559925760444139
10211,-1.559925760444139
10212,-1.559925760444139
10213,-1.559925760444139
10214,-1.559925760444139
10215,-1.559925760444139
10216,-1.559925760444139
10217,-1.559925760444139
10218,-1.559925760444139
10219,-1.559925760444139
10220,-1.559925760444139
10221,-1.559925760444139
10222,-1.559925760444139
10223,-1.559925760444139
10224,-1.559925760444139
10225,-1.559925760444139
10226,-1.559925760444139
10227,-1.559925760444139
10228,-1.559925760444139
10229,-1.559925760444139
10230,-1.559925760444139
10231,-1.559925760444139
10232,-1.559925760444139
10233,-1.559925760444139
10234,-1.559925760444139
10235,-1.559925760444139
10236,-1.559925760444139
10237,-1.559925760444139
10238,-1.559925760444139
10239,-1.559925760444139
10240,-1.559925760444139
10241,-1.559925760444139
10242,-1.559925760444139
10243,-1.559925760444139
10244,-1.559925760444139
10245,-1.559925760444139
10246,-1.559925760444139
10247,-1.559925760444139
10248,-1.559925760444139
10249,-1.559925760444139
10250,-1.559925760444139
10251,-1.559925760444139
10252,-1.559925760444139
10253,-1.559925760444139
10254,-1.559925760444139
10255,-1.559925760444139
10256,-1.559925760444139
10257,-1.559925760444139
10258,-1.559925760444139
10259,-1.559925760444139
10260,-1.559925760444139
10261,-1.559925760444139
10262,-1.559925760444139
10263,-1.559925760444139
10264,-1.559925760444139
10265,-1.559925760444139
10266,-1.559925760444139
10267,-1.559925760444139
10268,-1.559925760444139
10269,-1.559925760444139
10270,-1.559925760444139
10271,-1.559925760444139
10272,-1.559925760444139
10273,-1.559925760444139
10274,-1.559925760444139
10275,-1.559925760444139
10276,-1.559925760444139
10277,-1.559925760444139
10278,-1.559925760444139
10279,-1.559925760444139
10280,-1.559925760444139
10281,-1.559925760444139
10282,-1.559925760444139
10283,-1.559925760444139
10284,-1.559925760444139
10285,-1.559925760444139
10286,-1.559925760444139
10287,-1.559925760444139
10288,-1.559925760444139
10289,-1.559925760444139
10290,-1.559925760444139
10291,-1.559925760444139
10292,-1.559925760444139
10293,-1.559925760444139
10294,-1.559925760444139
10295,-1.559925760444139
10296,-1.559925760444139
10297,-1.559925760444139
10298,-1.559925760444139
10299,-1.559925760444139
10300,-1.559925760444139
10301,-1.559925760444139
10302,-1.559925760444139
10303,-1.559925760444139
10304,-1.559925760444139
10305,-1.559925760444139
10306,-1.559925760444139
10307,-1.559925760444139
10308,-1.559925760444139
10309,-1.559925760444139
10310,-1.559925760444139
10311,-1.559925760444139
10312,-1.559925760444139
10313,-1.559925760444139
10314,-1.559925760444139
10315,-1.559925760444139
10316,-1.559925760444139
10317,-1.559925760444139
10318,-1.559925760444139
10319,-1.559925760444139
10320,-1.559925760444139
10321,-1.559925760444139
10322,-1.559925760444139
10323,-1.559925760444139
10324,-1.559925760444139
10325,-1.559925760444139
10326,-1.559925760444139
10327,-1.559925760444139
10328,-1.559925760444139
10329,-1.559925760444139
10330,-1.559925760444139
10331,-1.559925760444139
10332,-1.559925760444139
10333,-1.559925760444139
10334,-1.559925760444139
10335,-1.559925760444139
10336,-1.559925760444139
10337,-1.559925760444139
10338,-1.559925760444139
10339,-1.559925760444139
10340,-1.559925760444139
10341,-1.559925760444139
10342,-1.559925760444139
10343,-1.559925760444139
10344,-1.559925760444139
10345,-1.559925760444139
10346,-1.559925760444139
10347,-1.559925760444139
10348,-1.559925760444139
10349,-1.559925760444139
10350,-1.559925760444139
10351,-1.559925760444139
10352,-1.559925760444139
10353,-1.559925760444139
10354,-1.559925760444139
10355,-1.559925760444139
10356,-1.559925760444139
10357,-1.559925760444139
10358,-1.559925760444139
10359,-1.559925760444139
10360,-1.559925760444139
10361,-1.559925760444139
10362,-1.559925760444139
10363,-1.559925760444139
10364,-1.559925760444139
10365,-1.559925760444139
10366,-1.559925760444139
10367,-1.559925760444139
10368,-1.559925760444139
10369,-1.559925760444139
10370,-1.559925760444139
10371,-1.559925760444139
10372,-1.559925760444139
10373,-1.559925760444139
10374,-1.559925760444139
10375,-1.559925760444139
10376,-1.559925760444139
10377,-1.559925760444139
10378,-1.559925760444139
10379,-1.559925760444139
10380,-1.559925760444139
10381,-1.559925760444139
10382,-1.559925760444139
10383,-1.559925760444139
10384,-1.559925760444139
10385,-1.559925760444139
10386,-1.559925760444139
10387,-1.559925760444139
10388,-1.559925760444139
10389,-1.559925760444139
10390,-1.559925760444139
10391,-1.559925760444139
10392,-1.559925760444139
10393,-1.559925760444139
10394,-1.559925760444139
10395,-1.559925760444139
10396,-1.559925760444139
10397,-1.559925760444139
10398,-1.559925760444139
10399,-1.559925760444139
10400,-1.559925760444139
10401,-1.559925760444139
10402,-1.559925760444139
10403,-1.559925760444139
10404,-1.559925760444139
10405,-1.559925760444139
10406,-1.559925760444139
10407,-1.559925760444139
10408,-1.559925760444139
10409,-1.559925760444139
10410,-1.559925760444139
10411,-1.559925760444139
10412,-1.559925760444139
10413,-1.559925760444139
10414,-1.559925760444139
10415,-1.559925760444139
10416,-1.559925760444139
10417,-1.559925760444139
10418,-1.559925760444139
10419,-1.559925760444139
10420,-1.559925760444139
10421,-1.559925760444139
10422,-1.559925760444139
10423,-1.559925760444139
10424,-1.559925760444139
10425,-1.559925760444139
10426,-1.559925760444139
10427,-1.559925760444139
10428,-1.559925760444139
10429,-1.559925760444139
10430,-1.559925760444139
10431,-1.559925760444139
10432,-1.559925760444139
10433,-1.559925760444139
10434,-1.559925760444139
10435,-1.559925760444139
10436,-1.559925760444139
10437,-1.559925760444139
10438,-1.559925760444139
10439,-1.559925760444139
10440,-1.559925760444139
10441,-1.559925760444139
10442,-1.559925760444139
10443,-1.559925760444139
10444,-1.559925760444139
10445,-1.559925760444139
10446,-1.559925760444139
10447,-1.559925760444139
10448,-1.559925760444139
10449,-1.559925760444139
10450,-1.559925760444139
10451,-1.559925760444139
10452,-1.559925760444139
10453,5.7492108734565335
10454,5.7492108734565335
10455,5.7492108734565335
10456,5.7492108734565335
10457,5.7492108734565335
10458,5.7492108734565335
10459,5.7492108734565335
10460,5.7492108734565335
10461,5.7492108734565335
10462,5.7492108734565335
10463,5.7492108734565335
10464,5.7492108734565335
10465,5.7492108734565335
10466,5.7492108734565335
10467,5.7492108734565335
10468,5.7492108734565335
10469,5.7492108734565335
10470,5.7492108734565335
10471,5.7492108734565335
10472,5.7492108734565335
10473,5.7492108734565335
10474,5.7492108734565335
10475,5.7492108734565335
10476,5.7492108734565335
10477,5.7492108734565335
10478,5.7492108734565335
10479,5.7492108734565335
10480,5.7492108734565335
10481,5.7492108734565335
10482,5.7492108734565335
10483,5.7492108734565335
10484,5.7492108734565335
10485,5.7492108734565335
10486,5.7492108734565335
10487,5.7492108734565335
10488,5.7492108734565335
10489,5.7492108734565335
10490,5.7492108734565335
10491,5.7492108734565335
10492,5.7492108734565335
10493,5.7492108734565335
10494,5.7492108734565335
10495,5.7492108734565335
10496,5.7492108734565335
10497,5.7492108734565335
10498,5.7492108734565335
10499,5.7492108734565335
10500,5.7492108734565335
10501,5.7492108734565335
10502,5.7492108734565335
10503,5.7492108734565335
10504,5.7492108734565335
10505,5.7492108734565335
10506,5.7492108734565335
10507,5.7492108734565335
10508,5.7492108734565335
10509,5.7492108734565335
10510,5.7492108734565335
10511,5.7492108734565335
10512,5.7492108734565335
10513,5.7492108734565335
10514,5.7492108734565335
10515,5.7492108734565335
10516,5.7492108734565335
10517,5.7492108734565335
10518,5.7492108734565335
10519,5.7492108734565335
10520,5.7492108734565335
10521,5.7492108734565335
10522,5.7492108734565335
10523,5.7492108734565335
10524,5.7492108734565335
10525,5.7492108734565335
10526,5.7492108734565335
10527,5.7492108734565335
10528,5.7492108734565335
10529,5.7492108734565335
10530,5.7492108734565335
10531,5.7492108734565335
10532,5.7492108734565335
10533,5.7492108734565335
10534,5.7492108734565335
10535,5.7492108734565335
10536,5.7492108734565335
10537,5.7492108734565335
10538,5.7492108734565335
10539,5.7492108734565335
10540,5.7492108734565335
10541,5.7492108734565335
10542,5.7492108734565335
10543,5.7492108734565335
10544,5.7492108734565335
10545,5.7492108734565335
10546,5.7492108734565335
10547,5.7492108734565335
10548,5.7492108734565335
10549,5.7492108734565335
10550,5.7492108734565335
10551,5.7492108734565335
10552,5.7492108734565335
10553,5.7492108734565335
10554,5.7492108734565335
10555,5.7492108734565335
10556,5.7492108734565335
10557,5.7492108734565335
10558,5.7492108734565335
10559,5.7492108734565335
10560,5.7492108734565335
10561,5.7492108734565335
10562,5.7492108734565335
10563,5.7492108734565335
10564,5.7492108734565335
10565,5.7492108734565335
10566,5.7492108734565335
10567,5.7492108734565335
10568,5.7492108734565335
10569,5.7492108734565335
10570,5.7492108734565335
10571,5.7492108734565335
10572,5.7492108734565335
10573,5.7492108734565335
10574,5.7492108734565335
10575,5.7492108734565335
10576,5.7492108734565335
10577,5.7492108734565335
10578,5.7492108734565335
10579,5.7492108734565335
10580,5.7492108734565335
10581,5.7492108734565335
10582,5.7492108734565335
10583,5.7492108734565335
10584,5.7492108734565335
10585,5.7492108734565335
10586,5.7492108734565335
10587,5.7492108734565335
10588,5.7492108734565335
10589,5.7492108734565335
10590,5.7492108734565335
10591,5.7492108734565335
10592,5.7492108734565335
10593,5.7492108734565335
10594,5.7492108734565335
10595,5.7492108734565335
10596,5.7492108734565335
10597,5.7492108734565335
10598,5.7492108734565335
10599,5.7492108734565335
10600,5.7492108734565335
10601,5.7492108734565335
10602,5.7492108734565335
10603,5.7492108734565335
10604,5.7492108734565335
10605,5.7492108734565335
10606,5.7492108734565335
10607,5.7492108734565335
10608,5.7492108734565335
10609,5.7492108734565335
10610,5.7492108734565335
10611,5.7492108734565335
10612,5.7492108734565335
10613,5.7492108734565335
10614,5.7492108734565335
10615,5.7492108734565335
10616,5.7492108734565335
10617,5.7492108734565335
10618,5.7492108734565335
10619,5.7492108734565335
10620,5.7492108734565335
10621,5.7492108734565335
10622,5.7492108734565335
10623,5.7492108734565335
10624,5.7492108734565335
10625,5.7492108734565335
10626,5.7492108734565335
10627,5.7492108734565335
10628,5.7492108734565335
10629,5.7492108734565335
10630,5.7492108734565335
10631,5.7492108734565335
10632,5.7492108734565335
10633,5.7492108734565335
10634,5.7492108734565335
10635,5.7492108734565335
10636,5.7492108734565335
10637,5.7492108734565335
10638,5.7492108734565335
10639,5.7492108734565335
10640,5.7492108734565335
10641,5.7492108734565335
10642,5.7492108734565335
10643,5.7492108734565335
10644,5.7492108734565335
10645,5.7492108734565335
10646,5.7492108734565335
10647,5.7492108734565335
10648,5.7492108734565335
10649,5.7492108734565335
10650,5.7492108734565335
10651,5.7492108734565335
10652,5.7492108734565335
10653,5.7492108734565335
10654,5.7492108734565335
10655,5.7492108734565335
10656,5.7492108734565335
10657,5.7492108734565335
10658,5.7492108734565335
10659,5.7492108734565335
10660,5.7492108734565335
10661,5.7492108734565335
10662,5.7492108734565335
10663,5.7492108734565335
10664,5.7492108734565335
10665,5.7492108734565335
10666,5.7492108734565335
10667,5.7492108734565335
10668,5.7492108734565335
10669,5.7492108734565335
10670,5.7492108734565335
10671,5.7492108734565335
10672,5.7492108734565335
10673,5.7492108734565335
10674,5.7492108734565335
10675,5.7492108734565335
10676,5.7492108734565335
10677,5.7492108734565335
10678,5.7492108734565335
10679,5.7492108734565335
10680,5.7492108734565335
10681,5.7492108734565335
10682,5.7492108734565335
10683,5.7492108734565335
10684,5.7492108734565335
10685,5.7492108734565335
10686,5.7492108734565335
10687,5.7492108734565335
10688,5.7492108734565335
10689,5.7492108734565335
10690,5.7492108734565335
10691,5.7492108734565335
10692,5.7492108734565335
10693,5.7492108734565335
10694,5.7492108734565335
10695,5.7492108734565335
10696,5.7492108734565335
10697,5.7492108734565335
10698,5.7492108734565335
10699,5.7492108734565335
10700,5.7492108734565335
10701,5.7492108734565335
10702,5.7492108734565335
10703,5.7492108734565335
10704,5.7492108734565335
10705,5.7492108734565335
10706,5.7492108734565335
10707,5.7492108734565335
10708,5.7492108734565335
10709,5.7492108734565335
10710,5.7492108734565335
10711,5.7492108734565335
10712,5.7492108734565335
10713,5.7492108734565335
10714,5.7492108734565335
10715,5.7492108734565335
10716,5.7492108734565335
10717,5.7492108734565335
10718,5.7492108734565335
10719,5.7492108734565335
10720,5.7492108734565335
10721,5.7492108734565335
10722,5.7492108734565335
10723,5.7492108734565335
10724,5.7492108734565335
10725,5.7492108734565335
10726,5.7492108734565335
10727,5.7492108734565335
10728,5.7492108734565335
10729,5.7492108734565335
10730,5.7492108734565335
10731,5.7492108734565335
10732,5.7492108734565335
10733,5.7492108734565335
10734,5.7492108734565335
10735,5.7492108734565335
10736,5.7492108734565335
10737,5.7492108734565335
10738,5.7492108734565335
10739,5.7492108734565335
10740,5.7492108734565335
10741,5.7492108734565335
10742,5.7492108734565335
10743,5.7492108734565335
10744,5.7492108734565335
10745,5.7492108734565335
10746,5.7492108734565335
10747,5.7492108734565335
10748,5.7492108734565335
10749,5.7492108734565335
10750,5.7492108734565335
10751,5.7492108734565335
10752,5.7492108734565335
10753,5.7492108734565335
10754,5.7492108734565335
10755,5.7492108734565335
10756,5.7492108734565335
10757,5.7492108734565335
10758,5.7492108734565335
10759,5.7492108734565335
10760,5.7492108734565335
10761,5.7492108734565335
10762,5.7492108734565335
10763,5.7492108734565335
10764,5.7492108734565335
10765,5.7492108734565335
10766,5.7492108734565335
10767,5.7492108734565335
10768,5.7492108734565335
10769,5.7492108734565335
10770,5.7492108734565335
10771,5.7492108734565335
10772,5.7492108734565335
10773,5.7492108734565335
10774,5.7492108734565335
10775,5.7492108734565335
10776,5.7492108734565335
10777,5.7492108734565335
10778,5.7492108734565335
10779,5.7492108734565335
10780,5.7492108734565335
10781,5.7492108734565335
10782,5.7492108734565335
10783,5.7492108734565335
10784,5.7492108734565335
10785,5.7492108734565335
10786,5.7492108734565335
10787,5.7492108734565335
10788,5.7492108734565335
10789,5.7492108734565335
10790,5.7492108734565335
10791,5.7492108734565335
10792,5.7492108734565335
10793,5.7492108734565335
10794,5.7492108734565335
10795,5.7492108734565335
10796,5.7492108734565335
10797,5.7492108734565335
10798,5.7492108734565335
10799,5.7492108734565335
10800,5.7492108734565335
10801,5.7492108734565335
10802,5.7492108734565335
10803,5.7492108734565335
10804,5.7492108734565335
10805,5.7492108734565335
10806,5.7492108734565335
10807,5.7492108734565335
10808,5.7492108734565335
10809,5.7492108734565335
10810,5.7492108734565335
10811,5.7492108734565335
10812,5.7492108734565335
10813,5.7492108734565335
10814,5.7492108734565335
10815,5.7492108734565335
10816,5.7492108734565335
10817,5.7492108734565335
10818,5.7492108734565335
10819,5.7492108734565335
10820,5.7492108734565335
10821,5.7492108734565335
10822,5.7492108734565335
10823,5.7492108734565335
10824,5.7492108734565335
10825,5.7492108734565335
10826,5.7492108734565335
10827,5.7492108734565335
10828,5.7492108734565335
10829,5.7492108734565335
10830,5.7492108734565335
10831,5.7492108734565335
10832,5.7492108734565335
10833,5.7492108734565335
10834,5.7492108734565335
10835,5.7492108734565335
10836,5.7492108734565335
10837,5.7492108734565335
10838,5.7492108734565335
10839,5.7492108734565335
10840,5.7492108734565335
10841,5.7492108734565335
10842,5.7492108734565335
10843,5.7492108734565335
10844,5.7492108734565335
10845,5.7492108734565335
10846,5.7492108734565335
10847,5.7492108734565335
10848,5.7492108734565335
10849,5.7492108734565335
10850,5.7492108734565335
10851,5.7492108734565335
10852,5.7492108734565335
10853,5.7492108734565335
10854,5.7492108734565335
10855,5.7492108734565335
10856,5.7492108734565335
10857,5.7492108734565335
10858,5.7492108734565335
10859,5.7492108734565335
10860,5.7492108734565335
10861,5.7492108734565335
10862,5.7492108734565335
10863,5.7492108734565335
10864,5.7492108734565335
10865,5.7492108734565335
10866,5.7492108734565335
10867,5.7492108734565335
10868,5.7492108734565335
10869,5.7492108734565335
10870,5.7492108734565335
10871,5.7492108734565335
10872,5.7492108734565335
10873,5.7492108734565335
10874,5.7492108734565335
10875,5.7492108734565335
10876,5.7492108734565335
10877,5.7492108734565335
10878,5.7492108734565335
10879,5.7492108734565335
10880,5.7492108734565335
10881,5.7492108734565335
10882,5.7492108734565335
10883,5.7492108734565335
10884,5.7492108734565335
10885,5.7492108734565335
10886,5.7492108734565335
10887,5.7492108734565335
10888,5.7492108734565335
10889,5.7492108734565335
10890,5.7492108734565335
10891,5.7492108734565335
10892,5.7492108734565335
10893,5.7492108734565335
10894,5.7492108734565335
10895,5.7492108734565335
10896,5.7492108734565335
10897,5.7492108734565335
10898,5.7492108734565335
10899,5.7492108734565335
10900,5.7492108734565335
10901,5.7492108734565335
10902,5.7492108734565335
10903,5.7492108734565335
10904,5.7492108734565335
10905,5.7492108734565335
10906,5.7492108734565335
10907,5.7492108734565335
10908,5.7492108734565335
10909,5.7492108734565335
10910,5.7492108734565335
10911,5.7492108734565335
10912,5.7492108734565335
10913,5.7492108734565335
10914,5.7492108734565335
10915,5.7492108734565335
10916,5.7492108734565335
10917,5.7492108734565335
10918,5.7492108734565335
10919,5.7492108734565335
10920,5.7492108734565335
10921,5.7492108734565335
10922,5.7492108734565335
10923,5.7492108734565335
10924,5.7492108734565335
10925,5.7492108734565335
10926,5.7492108734565335
10927,5.7492108734565335
10928,5.7492108734565335
10929,5.7492108734565335
10930,5.7492108734565335
10931,5.7492108734565335
10932,5.7492108734565335
10933,5.7492108734565335
10934,5.7492108734565335
10935,5.7492108734565335
10936,5.7492108734565335
10937,5.7492108734565335
10938,5.7492108734565335
10939,5.7492108734565335
10940,5.7492108734565335
10941,5.7492108734565335
10942,5.7492108734565335
10943,5.7492108734565335
10944,5.7492108734565335
10945,5.7492108734565335
10946,5.7492108734565335
10947,5.7492108734565335
10948,5.7492108734565335
10949,5.7492108734565335
10950,5.7492108734565335
10951,5.7492108734565335
10952,5.7492108734565335
10953,5.7492108734565335
10954,5.7492108734565335
10955,5.7492108734565335
10956,5.7492108734565335
10957,5.7492108734565335
10958,5.7492108734565335
10959,5.7492108734565335
10960,5.7492108734565335
10961,5.7492108734565335
10962,5.7492108734565335
10963,5.7492108734565335
10964,5.7492108734565335
10965,5.7492108734565335
10966,5.7492108734565335
10967,5.7492108734565335
10968,5.7492108734565335
10969,5.7492108734565335
10970,5.7492108734565335
10971,5.7492108734565335
10972,5.7492108734565335
10973,5.7492108734565335
10974,5.7492108734565335
10975,5.7492108734565335
10976,5.7492108734565335
10977,5.7492108734565335
10978,5.7492108734565335
10979,5.7492108734565335
10980,5.7492108734565335
10981,5.7492108734565335
10982,5.7492108734565335
10983,5.7492108734565335
10984,5.7492108734565335
10985,5.7492108734565335
10986,5.7492108734565335
10987,5.7492108734565335
10988,5.7492108734565335
10989,5.7492108734565335
10990,5.7492108734565335
10991,5.7492108734565335
10992,5.7492108734565335
10993,5.7492108734565335
10994,5.7492108734565335
10995,5.7492108734565335
10996,5.7492108734565335
10997,5.7492108734565335
10998,5.7492108734565335
10999,5.7492108734565335
11000,5.7492108734565335
11001,5.7492108734565335
11002,5.7492108734565335
11003,5.7492108734565335
11004,5.7492108734565335
11005,5.7492108734565335
11006,5.7492108734565335
11007,5.7492108734565335
11008,5.7492108734565335
11009,5.7492108734565335
11010,5.7492108734565335
11011,5.7492108734565335
11012,5.7492108734565335
11013,5.7492108734565335
11014,5.7492108734565335
11015,5.7492108734565335
11016,5.7492108734565335
11017,5.7492108734565335
11018,5.7492108734565335
11019,5.7492108734565335
11020,5.7492108734565335
11021,5.7492108734565335
11022,5.7492108734565335
11023,5.7492108734565335
11024,5.7492108734565335
11025,5.7492108734565335
11026,5.7492108734565335
11027,5.7492108734565335
11028,5.7492108734565335
11029,5.7492108734565335
11030,5.7492108734565335
11031,5.7492108734565335
11032,5.7492108734565335
11033,5.7492108734565335
11034,5.7492108734565335
11035,5.7492108734565335
11036,5.7492108734565335
11037,5.7492108734565335
11038,5.7492108734565335
11039,5.7492108734565335
11040,5.7492108734565335
11041,5.7492108734565335
11042,5.7492108734565335
11043,5.7492108734565335
11044,5.7492108734565335
11045,5.7492108734565335
11046,5.7492108734565335
11047,5.7492108734565335
11048,5.7492108734565335
11049,5.7492108734565335
11050,5.7492108734565335
11051,5.7492108734565335
11052,5.7492108734565335
11053,5.7492108734565335
11054,5.7492108734565335
11055,5.7492108734565335
11056,5.7492108734565335
11057,5.7492108734565335
11058,5.7492108734565335
11059,5.7492108734565335
11060,5.7492108734565335
11061,5.7492108734565335
11062,5.7492108734565335
11063,5.7492108734565335
11064,5.7492108734565335
11065,5.7492108734565335
11066,5.7492108734565335
11067,5.7492108734565335
11068,5.7492108734565335
11069,5.7492108734565335
11070,5.7492108734565335
11071,5.7492108734565335
11072,5.7492108734565335
11073,5.7492108734565335
11074,5.7492108734565335
11075,5.7492108734565335
11076,5.7492108734565335
11077,5.7492108734565335
11078,5.7492108734565335
11079,5.7492108734565335
11080,5.7492108734565335
11081,5.7492108734565335
11082,5.7492108734565335
11083,5.7492108734565335
11084,5.7492108734565335
11085,5.7492108734565335
11086,5.7492108734565335
11087,5.7492108734565335
11088,5.7492108734565335
11089,5.7492108734565335
11090,5.7492108734565335
11091,5.7492108734565335
11092,5.7492108734565335
11093,5.7492108734565335
11094,5.7492108734565335
11095,5.7492108734565335
11096,5.7492108734565335
11097,5.7492108734565335
11098,5.7492108734565335
11099,5.7492108734565335
11100,5.7492108734565335
11101,5.7492108734565335
11102,5.7492108734565335
11103,5.7492108734565335
11104,5.7492108734565335
11105,5.7492108734565335
11106,5.7492108734565335
11107,5.7492108734565335
11108,5.7492108734565335
11109,5.7492108734565335
11110,5.7492108734565335
11111,5.7492108734565335
11112,5.7492108734565335
11113,5.7492108734565335
11114,5.7492108734565335
11115,5.7492108734565335
11116,5.7492108734565335
11117,5.7492108734565335
11118,5.7492108734565335
11119,5.7492108734565335
11120,5.7492108734565335
11121,5.7492108734565335
11122,5.7492108734565335
11123,5.7492108734565335
11124,5.7492108734565335
11125,5.7492108734565335
11126,5.7492108734565335
11127,5.7492108734565335
11128,5.7492108734565335
11129,5.7492108734565335
11130,5.7492108734565335
11131,5.7492108734565335
11132,5.7492108734565335
11133,5.7492108734565335
11134,5.7492108734565335
11135,5.7492108734565335
11136,5.7492108734565335
11137,5.7492108734565335
11138,5.7492108734565335
11139,5.7492108734565335
11140,5.7492108734565335
11141,5.7492108734565335
11142,5.7492108734565335
11143,5.7492108734565335
11144,5.7492108734565335
11145,5.7492108734565335
11146,5.7492108734565335
11147,5.7492108734565335
11148,5.7492108734565335
11149,5.7492108734565335
11150,5.7492108734565335
11151,5.7492108734565335
11152,5.7492108734565335
11153,5.7492108734565335
11154,5.7492108734565335
11155,5.7492108734565335
11156,5.7492108734565335
11157,5.7492108734565335
11158,5.7492108734565335
11159,5.7492108734565335
11160,5.7492108734565335
11161,5.7492108734565335
11162,5.7492108734565335
11163,5.7492108734565335
11164,5.7492108734565335
11165,5.7492108734565335
11166,5.7492108734565335
11167,5.7492108734565335
11168,5.7492108734565335
11169,5.7492108734565335
11170,5.7492108734565335
11171,5.7492108734565335
11172,5.7492108734565335
11173,5.7492108734565335
11174,5.7492108734565335
11175,5.7492108734565335
11176,5.7492108734565335
11177,5.7492108734565335
11178,5.7492108734565335
11179,5.7492108734565335
11180,5.7492108734565335
11181,5.7492108734565335
11182,5.7492108734565335
11183,5.7492108734565335
11184,5.7492108734565335
11185,5.7492108734565335
11186,5.7492108734565335
11187,5.7492108734565335
11188,5.7492108734565335
11189,5.7492108734565335
11190,5.7492108734565335
11191,5.7492108734565335
11192,5.7492108734565335
11193,5.7492108734565335
11194,5.7492108734565335
11195,5.7492108734565335
11196,5.7492108734565335
11197,5.7492108734565335
11198,5.7492108734565335
11199,5.7492108734565335
11200,5.7492108734565335
11201,5.7492108734565335
11202,5.7492108734565335
11203,5.7492108734565335
11204,5.7492108734565335
11205,5.7492108734565335
11206,5.7492108734565335
11207,5.7492108734565335
11208,5.7492108734565335
11209,5.7492108734565335
11210,5.7492108734565335
11211,5.7492108734565335
11212,5.7492108734565335
11213,5.7492108734565335
11214,5.7492108734565335
11215,5.7492108734565335
11216,5.7492108734565335
11217,5.7492108734565335
11218,5.7492108734565335
11219,5.7492108734565335
11220,5.7492108734565335
11221,5.7492108734565335
11222,5.7492108734565335
11223,5.7492108734565335
11224,5.7492108734565335
11225,5.7492108734565335
11226,5.7492108734565335
11227,5.7492108734565335
11228,5.7492108734565335
11229,5.7492108734565335
11230,5.7492108734565335
11231,5.7492108734565335
11232,5.7492108734565335
11233,5.7492108734565335
11234,5.7492108734565335
11235,5.7492108734565335
11236,5.7492108734565335
11237,5.7492108734565335
11238,5.7492108734565335
11239,5.7492108734565335
11240,5.7492108734565335
11241,5.7492108734565335
11242,5.7492108734565335
11243,5.7492108734565335
11244,5.7492108734565335
11245,5.7492108734565335
11246,5.7492108734565335
11247,5.7492108734565335
11248,5.7492108734565335
11249,5.7492108734565335
11250,5.7492108734565335
11251,5.7492108734565335
11252,5.7492108734565335
11253,5.7492108734565335
11254,5.7492108734565335
11255,5.7492108734565335
11256,5.7492108734565335
11257,5.7492108734565335
11258,5.7492108734565335
11259,5.7492108734565335
11260,5.7492108734565335
11261,5.7492108734565335
11262,5.7492108734565335
11263,5.7492108734565335
11264,5.7492108734565335
11265,5.7492108734565335
11266,5.7492108734565335
11267,5.7492108734565335
11268,5.7492108734565335
11269,5.7492108734565335
11270,5.7492108734565335
11271,5.7492108734565335
11272,5.7492108734565335
11273,5.7492108734565335
11274,5.7492108734565335
11275,5.7492108734565335
11276,5.7492108734565335
11277,5.7492108734565335
11278,5.7492108734565335
11279,5.7492108734565335
11280,5.7492108734565335
11281,5.7492108734565335
11282,5.7492108734565335
11283,5.7492108734565335
11284,5.7492108734565335
11285,5.7492108734565335
11286,5.7492108734565335
11287,5.7492108734565335
11288,5.7492108734565335
11289,5.7492108734565335
11290,5.7492108734565335
11291,5.7492108734565335
11292,5.7492108734565335
11293,5.7492108734565335
11294,5.7492108734565335
11295,5.7492108734565335
11296,5.7492108734565335
11297,5.7492108734565335
11298,5.7492108734565335
11299,5.7492108734565335
11300,5.7492108734565335
11301,5.7492108734565335
11302,5.7492108734565335
11303,5.7492108734565335
11304,5.7492108734565335
11305,5.7492108734565335
11306,5.7492108734565335
11307,5.7492108734565335
11308,5.7492108734565335
11309,5.7492108734565335
11310,5.7492108734565335
11311,5.7492108734565335
11312,5.7492108734565335
11313,5.7492108734565335
11314,5.7492108734565335
11315,5.7492108734565335
11316,5.7492108734565335
11317,5.7492108734565335
11318,5.7492108734565335
11319,5.7492108734565335
11320,5.7492108734565335
11321,5.7492108734565335
11322,5.7492108734565335
11323,5.7492108734565335
11324,5.7492108734565335
11325,5.7492108734565335
11326,5.7492108734565335
11327,5.7492108734565335
11328,5.7492108734565335
11329,5.7492108734565335
11330,5.7492108734565335
11331,5.7492108734565335
11332,5.7492108734565335
11333,5.7492108734565335
11334,5.7492108734565335
11335,5.7492108734565335
11336,5.7492108734565335
11337,5.7492108734565335
11338,5.7492108734565335
11339,5.7492108734565335
11340,5.7492108734565335
11341,5.7492108734565335
11342,5.7492108734565335
11343,5.7492108734565335
11344,5.7492108734565335
11345,5.7492108734565335
11346,5.7492108734565335
11347,5.7492108734565335
11348,5.7492108734565335
11349,5.7492108734565335
11350,5.7492108734565335
11351,5.7492108734565335
11352,5.7492108734565335
11353,5.7492108734565335
11354,5.7492108734565335
11355,5.7492108734565335
11356,5.7492108734565335
11357,5.7492108734565335
11358,5.7492108734565335
11359,5.7492108734565335
11360,5.7492108734565335
11361,5.7492108734565335
11362,5.7492108734565335
11363,5.7492108734565335
11364,5.7492108734565335
11365,5.7492108734565335
11366,5.7492108734565335
11367,5.7492108734565335
11368,5.7492108734565335
11369,5.7492108734565335
11370,5.7492108734565335
11371,5.7492108734565335
11372,5.7492108734565335
11373,5.7492108734565335
11374,5.7492108734565335
11375,5.7492108734565335
11376,5.7492108734565335
11377,5.7492108734565335
11378,5.7492108734565335
11379,5.7492108734565335
11380,5.7492108734565335
11381,5.7492108734565335
11382,5.7492108734565335
11383,5.7492108734565335
11384,5.7492108734565335
11385,5.7492108734565335
11386,5.7492108734565335
11387,5.7492108734565335
11388,5.7492108734565335
11389,5.7492108734565335
11390,5.7492108734565335
11391,5.7492108734565335
11392,5.7492108734565335
11393,5.7492108734565335
11394,5.7492108734565335
11395,5.7492108734565335
11396,5.7492108734565335
11397,5.7492108734565335
11398,5.7492108734565335
11399,5.7492108734565335
11400,5.7492108734565335
11401,5.7492108734565335
11402,5.7492108734565335
11403,5.7492108734565335
11404,5.7492108734565335
11405,5.7492108734565335
11406,5.7492108734565335
11407,5.7492108734565335
11408,5.7492108734565335
11409,5.7492108734565335
11410,5.7492108734565335
11411,5.7492108734565335
11412,5.7492108734565335
11413,5.7492108734565335
11414,5.7492108734565335
11415,5.7492108734565335
11416,5.7492108734565335
11417,5.7492108734565335
11418,5.7492108734565335
11419,5.7492108734565335
11420,5.7492108734565335
11421,5.7492108734565335
11422,5.7492108734565335
11423,5.7492108734565335
11424,5.7492108734565335
11425,5.7492108734565335
11426,5.7492108734565335
11427,5.7492108734565335
11428,5.7492108734565335
11429,5.7492108734565335
11430,5.7492108734565335
11431,5.7492108734565335
11432,5.7492108734565335
11433,5.7492108734565335
11434,5.7492108734565335
11435,5.7492108734565335
11436,5.7492108734565335
11437,5.7492108734565335
11438,5.7492108734565335
11439,5.7492108734565335
11440,5.7492108734565335
11441,5.7492108734565335
11442,5.7492108734565335
11443,5.7492108734565335
11444,5.7492108734565335
11445,5.7492108734565335
11446,5.7492108734565335
11447,5.7492108734565335
11448,5.7492108734565335
11449,5.7492108734565335
11450,5.7492108734565335
11451,5.7492108734565335
11452,5.7492108734565335
11453,5.7492108734565335
11454,5.7492108734565335
11455,5.7492108734565335
11456,5.7492108734565335
11457,5.7492108734565335
11458,5.7492108734565335
11459,5.7492108734565335
11460,5.7492108734565335
11461,5.7492108734565335
11462,5.7492108734565335
11463,5.7492108734565335
11464,5.7492108734565335
11465,5.7492108734565335
11466,5.7492108734565335
11467,5.7492108734565335
11468,5.7492108734565335
11469,5.7492108734565335
11470,5.7492108734565335
11471,5.7492108734565335
11472,5.7492108734565335
11473,5.7492108734565335
11474,5.7492108734565335
11475,5.7492108734565335
11476,5.7492108734565335
11477,5.7492108734565335
11478,5.7492108734565335
11479,5.7492108734565335
11480,5.7492108734565335
11481,5.7492108734565335
11482,5.7492108734565335
11483,5.7492108734565335
11484,5.7492108734565335
11485,5.7492108734565335
11486,5.7492108734565335
11487,5.7492108734565335
11488,5.7492108734565335
11489,5.7492108734565335
11490,5.7492108734565335
11491,5.7492108734565335
11492,5.7492108734565335
11493,5.7492108734565335
11494,5.7492108734565335
11495,5.7492108734565335
11496,5.7492108734565335
11497,5.7492108734565335
11498,5.7492108734565335
11499,5.7492108734565335
11500,5.7492108734565335
11501,5.7492108734565335
11502,5.7492108734565335
11503,5.7492108734565335
11504,5.7492108734565335
11505,5.7492108734565335
11506,5.7492108734565335
11507,5.7492108734565335
11508,5.7492108734565335
11509,5.7492108734565335
11510,5.7492108734565335
11511,5.7492108734565335
11512,5.7492108734565335
11513,5.7492108734565335
11514,5.7492108734565335
11515,5.7492108734565335
11516,5.7492108734565335
11517,5.7492108734565335
11518,5.7492108734565335
11519,5.7492108734565335
11520,5.7492108734565335
11521,5.7492108734565335
11522,5.7492108734565335
11523,5.7492108734565335
11524,5.7492108734565335
11525,5.7492108734565335
11526,5.7492108734565335
11527,5.7492108734565335
11528,5.7492108734565335
11529,5.7492108734565335
11530,5.7492108734565335
11531,5.7492108734565335
11532,5.7492108734565335
11533,5.7492108734565335
11534,5.7492108734565335
11535,5.7492108734565335
11536,5.7492108734565335
11537,5.7492108734565335
11538,5.7492108734565335
11539,5.7492108734565335
11540,5.7492108734565335
11541,5.7492108734565335
11542,5.7492108734565335
11543,5.7492108734565335
11544,5.7492108734565335
11545,5.7492108734565335
11546,5.7492108734565335
11547,5.7492108734565335
11548,5.7492108734565335
11549,5.7492108734565335
11550,5.7492108734565335
11551,5.7492108734565335
11552,5.7492108734565335
11553,5.7492108734565335
11554,5.7492108734565335
11555,5.7492108734565335
11556,5.7492108734565335
11557,5.7492108734565335
11558,5.7492108734565335
11559,5.7492108734565335
11560,5.7492108734565335
11561,5.7492108734565335
11562,5.7492108734565335
11563,5.7492108734565335
11564,5.7492108734565335
11565,5.7492108734565335
11566,5.7492108734565335
11567,5.7492108734565335
11568,5.7492108734565335
11569,5.7492108734565335
11570,5.7492108734565335
11571,5.7492108734565335
11572,5.7492108734565335
11573,5.7492108734565335
11574,5.7492108734565335
11575,5.7492108734565335
11576,5.7492108734565335
11577,5.7492108734565335
11578,5.7492108734565335
11579,5.7492108734565335
11580,5.7492108734565335
11581,5.7492108734565335
11582,5.7492108734565335
11583,5.7492108734565335
11584,5.7492108734565335
11585,5.7492108734565335
11586,5.7492108734565335
11587,5.7492108734565335
11588,5.7492108734565335
11589,5.7492108734565335
11590,5.7492108734565335
11591,5.7492108734565335
11592,5.7492108734565335
11593,5.7492108734565335
11594,5.7492108734565335
11595,5.7492108734565335
11596,5.7492108734565335
11597,5.7492108734565335
11598,5.7492108734565335
11599,5.7492108734565335
11600,5.7492108734565335
11601,5.7492108734565335
11602,5.7492108734565335
11603,5.7492108734565335
11604,5.7492108734565335
11605,5.7492108734565335
11606,5.7492108734565335
11607,5.7492108734565335
11608,5.7492108734565335
11609,5.7492108734565335
11610,5.7492108734565335
11611,5.7492108734565335
11612,5.7492108734565335
11613,5.7492108734565335
11614,5.7492108734565335
11615,5.7492108734565335
11616,5.7492108734565335
11617,5.7492108734565335
11618,5.7492108734565335
11619,5.7492108734565335
11620,5.7492108734565335
11621,5.7492108734565335
11622,5.7492108734565335
11623,5.7492108734565335
11624,5.7492108734565335
11625,5.7492108734565335
11626,5.7492108734565335
11627,5.7492108734565335
11628,5.7492108734565335
11629,5.7492108734565335
11630,5.7492108734565335
11631,5.7492108734565335
11632,5.7492108734565335
11633,5.7492108734565335
11634,5.7492108734565335
11635,5.7492108734565335
11636,5.7492108734565335
11637,5.7492108734565335
11638,5.7492108734565335
11639,5.7492108734565335
11640,5.7492108734565335
11641,5.7492108734565335
11642,5.7492108734565335
11643,5.7492108734565335
11644,5.7492108734565335
11645,5.7492108734565335
11646,5.7492108734565335
11647,5.7492108734565335
11648,5.7492108734565335
11649,5.7492108734565335
11650,5.7492108734565335
11651,5.7492108734565335
11652,5.7492108734565335
11653,5.7492108734565335
11654,5.7492108734565335
11655,5.7492108734565335
11656,5.7492108734565335
11657,5.7492108734565335
11658,5.7492108734565335
11659,5.7492108734565335
11660,5.7492108734565335
11661,5.7492108734565335
11662,5.7492108734565335
11663,5.7492108734565335
11664,5.7492108734565335
11665,5.7492108734565335
11666,5.7492108734565335
11667,5.7492108734565335
11668,5.7492108734565335
11669,5.7492108734565335
11670,5.7492108734565335
11671,5.7492108734565335
11672,5.7492108734565335
11673,5.7492108734565335
11674,5.7492108734565335
11675,5.7492108734565335
11676,5.7492108734565335
11677,5.7492108734565335
11678,5.7492108734565335
11679,5.7492108734565335
11680,5.7492108734565335
11681,5.7492108734565335
11682,5.7492108734565335
11683,5.7492108734565335
11684,5.7492108734565335
11685,5.7492108734565335
11686,5.7492108734565335
11687,5.7492108734565335
11688,5.7492108734565335
11689,5.7492108734565335
11690,5.7492108734565335
11691,5.7492108734565335
11692,5.7492108734565335
11693,5.7492108734565335
11694,5.7492108734565335
11695,5.7492108734565335
11696,5.7492108734565335
11697,5.7492108734565335
11698,5.7492108734565335
11699,5.7492108734565335
11700,5.7492108734565335
11701,5.7492108734565335
11702,5.7492108734565335
11703,5.7492108734565335
11704,5.7492108734565335
11705,5.7492108734565335
11706,5.7492108734565335
11707,5.7492108734565335
11708,5.7492108734565335
11709,5.7492108734565335
11710,5.7492108734565335
11711,5.7492108734565335
11712,5.7492108734565335
11713,5.7492108734565335
11714,5.7492108734565335
11715,5.7492108734565335
11716,5.7492108734565335
11717,5.7492108734565335
11718,5.7492108734565335
11719,5.7492108734565335
11720,5.7492108734565335
11721,5.7492108734565335
11722,5.7492108734565335
11723,5.7492108734565335
11724,5.7492108734565335
11725,5.7492108734565335
11726,5.7492108734565335
11727,5.7492108734565335
11728,5.7492108734565335
11729,5.7492108734565335
11730,5.7492108734565335
11731,5.7492108734565335
11732,5.7492108734565335
11733,5.7492108734565335
11734,5.7492108734565335
11735,5.7492108734565335
11736,5.7492108734565335
11737,5.7492108734565335
11738,5.7492108734565335
11739,5.7492108734565335
11740,5.7492108734565335
11741,5.7492108734565335
11742,5.7492108734565335
11743,5.7492108734565335
11744,5.7492108734565335
11745,5.7492108734565335
11746,5.7492108734565335
11747,5.7492108734565335
11748,5.7492108734565335
11749,5.7492108734565335
11750,5.7492108734565335
11751,5.7492108734565335
11752,5.7492108734565335
11753,5.7492108734565335
11754,5.7492108734565335
11755,5.7492108734565335
11756,5.7492108734565335
11757,5.7492108734565335
11758,5.7492108734565335
11759,5.7492108734565335
11760,5.7492108734565335
11761,5.7492108734565335
11762,5.7492108734565335
11763,5.7492108734565335
11764,5.7492108734565335
11765,5.7492108734565335
11766,5.7492108734565335
11767,5.7492108734565335
11768,5.7492108734565335
11769,5.7492108734565335
11770,5.7492108734565335
11771,5.7492108734565335
11772,5.7492108734565335
11773,5.7492108734565335
11774,5.7492108734565335
11775,5.7492108734565335
11776,5.7492108734565335
11777,5.7492108734565335
11778,5.7492108734565335
11779,5.7492108734565335
11780,5.7492108734565335
11781,5.7492108734565335
11782,5.7492108734565335
11783,5.7492108734565335
11784,5.7492108734565335
11785,5.7492108734565335
11786,5.7492108734565335
11787,5.7492108734565335
11788,5.7492108734565335
11789,5.7492108734565335
11790,5.7492108734565335
11791,5.7492108734565335
11792,5.7492108734565335
11793,5.7492108734565335
11794,5.7492108734565335
11795,5.7492108734565335
11796,5.7492108734565335
11797,5.7492108734565335
11798,5.7492108734565335
11799,5.7492108734565335
11800,5.7492108734565335
11801,5.7492108734565335
11802,5.7492108734565335
11803,5.7492108734565335
11804,5.7492108734565335
11805,5.7492108734565335
11806,5.7492108734565335
11807,5.7492108734565335
11808,5.7492108734565335
11809,5.7492108734565335
11810,5.7492108734565335
11811,5.7492108734565335
11812,5.7492108734565335
11813,5.7492108734565335
11814,5.7492108734565335
11815,5.7492108734565335
11816,5.7492108734565335
11817,5.7492108734565335
11818,5.7492108734565335
11819,5.7492108734565335
11820,5.7492108734565335
11821,5.7492108734565335
11822,5.7492108734565335
11823,5.7492108734565335
11824,5.7492108734565335
11825,5.7492108734565335
11826,5.7492108734565335
11827,5.7492108734565335
11828,5.7492108734565335
11829,5.7492108734565335
11830,5.7492108734565335
11831,5.7492108734565335
11832,5.7492108734565335
11833,5.7492108734565335
11834,5.7492108734565335
11835,5.7492108734565335
11836,5.7492108734565335
11837,5.7492108734565335
11838,5.7492108734565335
11839,5.7492108734565335
11840,5.7492108734565335
11841,5.7492108734565335
11842,5.7492108734565335
11843,5.7492108734565335
11844,5.7492108734565335
11845,5.7492108734565335
11846,5.7492108734565335
11847,5.7492108734565335
11848,5.7492108734565335
11849,5.7492108734565335
11850,5.7492108734565335
11851,5.7492108734565335
11852,5.7492108734565335
11853,5.7492108734565335
11854,5.7492108734565335
11855,5.7492108734565335
11856,5.7492108734565335
11857,5.7492108734565335
11858,5.7492108734565335
11859,5.7492108734565335
11860,5.7492108734565335
11861,5.7492108734565335
11862,5.7492108734565335
11863,5.7492108734565335
11864,5.7492108734565335
11865,5.7492108734565335
11866,5.7492108734565335
11867,5.7492108734565335
11868,5.7492108734565335
11869,5.7492108734565335
11870,5.7492108734565335
11871,5.7492108734565335
11872,5.7492108734565335
11873,5.7492108734565335
11874,5.7492108734565335
11875,5.7492108734565335
11876,5.7492108734565335
11877,5.7492108734565335
11878,5.7492108734565335
11879,5.7492108734565335
11880,5.7492108734565335
11881,5.7492108734565335
11882,5.7492108734565335
11883,5.7492108734565335
11884,5.7492108734565335
11885,5.7492108734565335
11886,5.7492108734565335
11887,5.7492108734565335
11888,5.7492108734565335
11889,5.7492108734565335
11890,5.7492108734565335
11891,5.7492108734565335
11892,5.7492108734565335
11893,5.7492108734565335
11894,5.7492108734565335
11895,5.7492108734565335
11896,5.7492108734565335
11897,5.7492108734565335
11898,5.7492108734565335
11899,5.7492108734565335
11900,5.7492108734565335
11901,5.7492108734565335
11902,5.7492108734565335
11903,5.7492108734565335
11904,5.7492108734565335
11905,5.7492108734565335
11906,5.7492108734565335
11907,5.7492108734565335
11908,5.7492108734565335
11909,5.7492108734565335
11910,5.7492108734565335
11911,5.7492108734565335
11912,5.7492108734565335
11913,5.7492108734565335
11914,5.7492108734565335
11915,5.7492108734565335
11916,5.7492108734565335
11917,5.7492108734565335
11918,5.7492108734565335
11919,5.7492108734565335
11920,5.7492108734565335
11921,5.7492108734565335
11922,5.7492108734565335
11923,5.7492108734565335
11924,5.7492108734565335
11925,5.7492108734565335
11926,5.7492108734565335
11927,5.7492108734565335
11928,5.7492108734565335
11929,5.7492108734565335
11930,5.7492108734565335
11931,5.7492108734565335
11932,5.7492108734565335
11933,5.7492108734565335
11934,5.7492108734565335
11935,5.7492108734565335
11936,5.7492108734565335
11937,5.7492108734565335
11938,5.7492108734565335
11939,5.7492108734565335
11940,5.7492108734565335
11941,5.7492108734565335
11942,5.7492108734565335
11943,5.7492108734565335
11944,5.7492108734565335
11945,5.7492108734565335
11946,5.7492108734565335
11947,5.7492108734565335
11948,5.7492108734565335
11949,5.7492108734565335
11950,5.7492108734565335
11951,5.7492108734565335
11952,5.7492108734565335
11953,5.7492108734565335
11954,5.7492108734565335
11955,5.7492108734565335
11956,5.7492108734565335
11957,5.7492108734565335
11958,5.7492108734565335
11959,5.7492108734565335
11960,5.7492108734565335
11961,5.7492108734565335
11962,5.7492108734565335
11963,5.7492108734565335
11964,5.7492108734565335
11965,5.7492108734565335
11966,5.7492108734565335
11967,5.7492108734565335
11968,5.7492108734565335
11969,5.7492108734565335
11970,5.7492108734565335
11971,5.7492108734565335
11972,5.7492108734565335
11973,5.7492108734565335
11974,5.7492108734565335
11975,5.7492108734565335
11976,5.7492108734565335
11977,5.7492108734565335
11978,5.7492108734565335
11979,5.7492108734565335
11980,5.7492108734565335
11981,5.7492108734565335
11982,5.7492108734565335
11983,5.7492108734565335
11984,5.7492108734565335
11985,5.7492108734565335
11986,5.7492108734565335
11987,5.7492108734565335
11988,5.7492108734565335
11989,5.7492108734565335
11990,5.7492108734565335
11991,5.7492108734565335
11992,5.7492108734565335
11993,5.7492108734565335
11994,5.7492108734565335
11995,5.7492108734565335
11996,5.7492108734565335
11997,5.7492108734565335
11998,5.7492108734565335
11999,5.7492108734565335
12000,5.7492108734565335
12001,5.7492108734565335
12002,5.7492108734565335
12003,5.7492108734565335
12004,5.7492108734565335
12005,5.7492108734565335
12006,5.7492108734565335
12007,5.7492108734565335
12008,5.7492108734565335
12009,5.7492108734565335
12010,5.7492108734565335
12011,5.7492108734565335
12012,5.7492108734565335
12013,5.7492108734565335
12014,5.7492108734565335
12015,5.7492108734565335
12016,5.7492108734565335
12017,5.7492108734565335
12018,5.7492108734565335
12019,5.7492108734565335
12020,5.7492108734565335
12021,5.7492108734565335
12022,5.7492108734565335
12023,5.7492108734565335
12024,5.7492108734565335
12025,5.7492108734565335
12026,5.7492108734565335
12027,5.7492108734565335
12028,5.7492108734565335
12029,5.7492108734565335
12030,5.7492108734565335
12031,5.7492108734565335
12032,5.7492108734565335
12033,5.7492108734565335
12034,5.7492108734565335
12035,5.7492108734565335
12036,5.7492108734565335
12037,5.7492108734565335
12038,5.7492108734565335
12039,5.7492108734565335
12040,5.7492108734565335
12041,5.7492108734565335
12042,5.7492108734565335
12043,5.7492108734565335
12044,5.7492108734565335
12045,5.7492108734565335
12046,5.7492108734565335
12047,5.7492108734565335
12048,5.7492108734565335
12049,5.7492108734565335
12050,5.7492108734565335
12051,5.7492108734565335
12052,5.7492108734565335
12053,5.7492108734565335
12054,5.7492108734565335
12055,5.7492108734565335
12056,5.7492108734565335
12057,5.7492108734565335
12058,5.7492108734565335
12059,5.7492108734565335
12060,5.7492108734565335
12061,5.7492108734565335
12062,5.7492108734565335
12063,5.7492108734565335
12064,5.7492108734565335
12065,5.7492108734565335
12066,5.7492108734565335
12067,5.7492108734565335
12068,5.7492108734565335
12069,5.7492108734565335
12070,5.7492108734565335
12071,5.7492108734565335
12072,5.7492108734565335
12073,5.7492108734565335
12074,5.7492108734565335
12075,5.7492108734565335
12076,5.7492108734565335
12077,5.7492108734565335
12078,5.7492108734565335
12079,5.7492108734565335
12080,5.7492108734565335
12081,5.7492108734565335
12082,5.7492108734565335
12083,5.7492108734565335
12084,5.7492108734565335
12085,5.7492108734565335
12086,5.7492108734565335
12087,5.7492108734565335
12088,5.7492108734565335
12089,5.7492108734565335
12090,5.7492108734565335
12091,5.7492108734565335
12092,5.7492108734565335
12093,5.7492108734565335
12094,5.7492108734565335
12095,5.7492108734565335
12096,5.7492108734565335
12097,5.7492108734565335
12098,5.7492108734565335
12099,5.7492108734565335
12100,5.7492108734565335
12101,5.7492108734565335
12102,5.7492108734565335
12103,5.7492108734565335
12104,5.7492108734565335
12105,5.7492108734565335
12106,5.7492108734565335
12107,5.7492108734565335
12108,5.7492108734565335
12109,5.7492108734565335
12110,5.7492108734565335
12111,5.7492108734565335
12112,5.7492108734565335
12113,5.7492108734565335
12114,5.7492108734565335
12115,5.7492108734565335
12116,5.7492108734565335
12117,5.7492108734565335
12118,5.7492108734565335
12119,5.7492108734565335
12120,5.7492108734565335
12121,5.7492108734565335
12122,5.7492108734565335
12123,5.7492108734565335
12124,5.7492108734565335
12125,5.7492108734565335
12126,5.7492108734565335
12127,5.7492108734565335
12128,5.7492108734565335
12129,5.7492108734565335
12130,5.7492108734565335
12131,5.7492108734565335
12132,5.7492108734565335
12133,5.7492108734565335
12134,5.7492108734565335
12135,5.7492108734565335
12136,5.7492108734565335
12137,5.7492108734565335
12138,5.7492108734565335
12139,5.7492108734565335
12140,5.7492108734565335
12141,5.7492108734565335
12142,5.7492108734565335
12143,5.7492108734565335
12144,5.7492108734565335
12145,5.7492108734565335
12146,5.7492108734565335
12147,5.7492108734565335
12148,5.7492108734565335
12149,5.7492108734565335
12150,5.7492108734565335
12151,5.7492108734565335
12152,5.7492108734565335
12153,5.7492108734565335
12154,5.7492108734565335
12155,5.7492108734565335
12156,5.7492108734565335
12157,5.7492108734565335
12158,5.7492108734565335
12159,5.7492108734565335
12160,5.7492108734565335
12161,5.7492108734565335
12162,5.7492108734565335
12163,5.7492108734565335
12164,5.7492108734565335
12165,5.7492108734565335
12166,5.7492108734565335
12167,5.7492108734565335
12168,5.7492108734565335
12169,5.7492108734565335
12170,5.7492108734565335
12171,5.7492108734565335
12172,5.7492108734565335
12173,5.7492108734565335
12174,5.7492108734565335
12175,5.7492108734565335
12176,5.7492108734565335
12177,5.7492108734565335
12178,5.7492108734565335
12179,5.7492108734565335
12180,5.7492108734565335
12181,5.7492108734565335
12182,5.7492108734565335
12183,5.7492108734565335
12184,5.7492108734565335
12185,5.7492108734565335
12186,5.7492108734565335
12187,5.7492108734565335
12188,5.7492108734565335
12189,5.7492108734565335
12190,5.7492108734565335
12191,5.7492108734565335
12192,5.7492108734565335
12193,5.7492108734565335
12194,5.7492108734565335
12195,5.7492108734565335
12196,5.7492108734565335
12197,5.7492108734565335
12198,5.7492108734565335
12199,5.7492108734565335
12200,5.7492108734565335
12201,5.7492108734565335
12202,5.7492108734565335
12203,5.7492108734565335
12204,5.7492108734565335
12205,5.7492108734565335
12206,5.7492108734565335
12207,5.7492108734565335
12208,5.7492108734565335
12209,5.7492108734565335
12210,5.7492108734565335
12211,5.7492108734565335
12212,5.7492108734565335
12213,5.7492108734565335
12214,5.7492108734565335
12215,5.7492108734565335
12216,5.7492108734565335
12217,5.7492108734565335
12218,5.7492108734565335
12219,5.7492108734565335
12220,5.7492108734565335
12221,5.7492108734565335
12222,5.7492108734565335
12223,5.7492108734565335
12224,5.7492108734565335
12225,5.7492108734565335
12226,5.7492108734565335
12227,5.7492108734565335
12228,5.7492108734565335
12229,5.7492108734565335
12230,5.7492108734565335
12231,5.7492108734565335
12232,5.7492108734565335
12233,5.7492108734565335
12234,5.7492108734565335
12235,5.7492108734565335
12236,5.7492108734565335
12237,5.7492108734565335
12238,5.7492108734565335
12239,5.7492108734565335
12240,5.7492108734565335
12241,5.7492108734565335
12242,5.7492108734565335
12243,5.7492108734565335
12244,5.7492108734565335
12245,5.7492108734565335
12246,5.7492108734565335
12247,5.7492108734565335
12248,5.7492108734565335
12249,5.7492108734565335
12250,5.7492108734565335
12251,5.7492108734565335
12252,5.7492108734565335
12253,5.7492108734565335
12254,5.7492108734565335
12255,5.7492108734565335
12256,5.7492108734565335
12257,5.7492108734565335
12258,5.7492108734565335
12259,5.7492108734565335
12260,5.7492108734565335
12261,5.7492108734565335
12262,5.7492108734565335
12263,5.7492108734565335
12264,5.7492108734565335
12265,5.7492108734565335
12266,5.7492108734565335
12267,5.7492108734565335
12268,5.7492108734565335
12269,5.7492108734565335
12270,5.7492108734565335
12271,5.7492108734565335
12272,5.7492108734565335
12273,5.7492108734565335
12274,5.7492108734565335
12275,5.7492108734565335
12276,5.7492108734565335
12277,5.7492108734565335
12278,5.7492108734565335
12279,5.7492108734565335
12280,5.7492108734565335
12281,5.7492108734565335
12282,5.7492108734565335
12283,5.7492108734565335
12284,5.7492108734565335
12285,5.7492108734565335
12286,5.7492108734565335
12287,5.7492108734565335
12288,5.7492108734565335
12289,5.7492108734565335
12290,5.7492108734565335
12291,5.7492108734565335
12292,5.7492108734565335
12293,5.7492108734565335
12294,5.7492108734565335
12295,5.7492108734565335
12296,5.7492108734565335
12297,5.7492108734565335
12298,5.7492108734565335
12299,5.7492108734565335
12300,5.7492108734565335
12301,5.7492108734565335
12302,5.7492108734565335
12303,5.7492108734565335
12304,5.7492108734565335
12305,5.7492108734565335
12306,5.7492108734565335
12307,5.7492108734565335
12308,5.7492108734565335
12309,5.7492108734565335
12310,5.7492108734565335
12311,5.7492108734565335
12312,5.7492108734565335
12313,5.7492108734565335
12314,5.7492108734565335
12315,5.7492108734565335
12316,5.7492108734565335
12317,5.7492108734565335
12318,5.7492108734565335
12319,5.7492108734565335
12320,5.7492108734565335
12321,5.7492108734565335
12322,5.7492108734565335
12323,5.7492108734565335
12324,5.7492108734565335
12325,5.7492108734565335
12326,5.7492108734565335
12327,5.7492108734565335
12328,5.7492108734565335
12329,5.7492108734565335
12330,5.7492108734565335
12331,5.7492108734565335
12332,5.7492108734565335
12333,5.7492108734565335
12334,5.7492108734565335
12335,5.7492108734565335
12336,5.7492108734565335
12337,5.7492108734565335
12338,5.7492108734565335
12339,5.7492108734565335
12340,5.7492108734565335
12341,5.7492108734565335
12342,5.7492108734565335
12343,5.7492108734565335
12344,5.7492108734565335
12345,5.7492108734565335
12346,5.7492108734565335
12347,5.7492108734565335
12348,5.7492108734565335
12349,5.7492108734565335
12350,5.7492108734565335
12351,5.7492108734565335
12352,5.7492108734565335
12353,5.7492108734565335
12354,5.7492108734565335
12355,5.7492108734565335
12356,5.7492108734565335
12357,5.7492108734565335
12358,5.7492108734565335
12359,5.7492108734565335
12360,5.7492108734565335
12361,5.7492108734565335
12362,5.7492108734565335
12363,5.7492108734565335
12364,5.7492108734565335
12365,5.7492108734565335
12366,5.7492108734565335
12367,5.7492108734565335
12368,5.7492108734565335
12369,5.7492108734565335
12370,5.7492108734565335
12371,5.7492108734565335
12372,5.7492108734565335
12373,5.7492108734565335
12374,5.7492108734565335
12375,5.7492108734565335
12376,5.7492108734565335
12377,5.7492108734565335
12378,5.7492108734565335
12379,5.7492108734565335
12380,5.7492108734565335
12381,5.7492108734565335
12382,5.7492108734565335
12383,5.7492108734565335
12384,5.7492108734565335
12385,5.7492108734565335
12386,5.7492108734565335
12387,5.7492108734565335
12388,5.7492108734565335
12389,5.7492108734565335
12390,5.7492108734565335
12391,5.7492108734565335
12392,5.7492108734565335
12393,5.7492108734565335
12394,5.7492108734565335
12395,5.7492108734565335
12396,5.7492108734565335
12397,5.7492108734565335
12398,5.7492108734565335
12399,5.7492108734565335
12400,5.7492108734565335
12401,5.7492108734565335
12402,5.7492108734565335
12403,5.7492108734565335
12404,5.7492108734565335
12405,5.7492108734565335
12406,5.7492108734565335
12407,5.7492108734565335
12408,5.7492108734565335
12409,5.7492108734565335
12410,5.7492108734565335
12411,5.7492108734565335
12412,5.7492108734565335
12413,5.7492108734565335
12414,5.7492108734565335
12415,5.7492108734565335
12416,5.7492108734565335
12417,5.7492108734565335
12418,5.7492108734565335
12419,5.7492108734565335
12420,5.7492108734565335
12421,5.7492108734565335
12422,5.7492108734565335
12423,5.7492108734565335
12424,5.7492108734565335
12425,5.7492108734565335
12426,5.7492108734565335
12427,5.7492108734565335
12428,5.7492108734565335
12429,5.7492108734565335
12430,5.7492108734565335
12431,5.7492108734565335
12432,5.7492108734565335
12433,5.7492108734565335
12434,5.7492108734565335
12435,5.7492108734565335
12436,5.7492108734565335
12437,5.7492108734565335
12438,5.7492108734565335
12439,5.7492108734565335
12440,5.7492108734565335
12441,5.7492108734565335
12442,5.7492108734565335
12443,5.7492108734565335
12444,5.7492108734565335
12445,5.7492108734565335
12446,5.7492108734565335
12447,5.7492108734565335
12448,5.7492108734565335
12449,5.7492108734565335
12450,5.7492108734565335
12451,5.7492108734565335
12452,5.7492108734565335
12453,5.7492108734565335
12454,5.7492108734565335
12455,5.7492108734565335
12456,5.7492108734565335
12457,5.7492108734565335
12458,5.7492108734565335
12459,5.7492108734565335
12460,5.7492108734565335
12461,5.7492108734565335
12462,5.7492108734565335
12463,5.7492108734565335
12464,5.7492108734565335
12465,5.7492108734565335
12466,5.7492108734565335
12467,5.7492108734565335
12468,5.7492108734565335
12469,5.7492108734565335
12470,5.7492108734565335
12471,5.7492108734565335
12472,5.7492108734565335
12473,5.7492108734565335
12474,5.7492108734565335
12475,5.7492108734565335
12476,5.7492108734565335
12477,5.7492108734565335
12478,5.7492108734565335
12479,5.7492108734565335
12480,5.7492108734565335
12481,5.7492108734565335
12482,5.7492108734565335
12483,5.7492108734565335
12484,5.7492108734565335
12485,5.7492108734565335
12486,5.7492108734565335
12487,5.7492108734565335
12488,5.7492108734565335
12489,5.7492108734565335
12490,5.7492108734565335
12491,5.7492108734565335
12492,5.7492108734565335
12493,5.7492108734565335
12494,5.7492108734565335
12495,5.7492108734565335
12496,5.7492108734565335
12497,5.7492108734565335
12498,5.7492108734565335
12499,5.7492108734565335
12500,5.7492108734565335
12501,5.7492108734565335
12502,5.7492108734565335
12503,5.7492108734565335
12504,5.7492108734565335
12505,5.7492108734565335
12506,5.7492108734565335
12507,5.7492108734565335
12508,5.7492108734565335
12509,5.7492108734565335
12510,5.7492108734565335
12511,5.7492108734565335
12512,5.7492108734565335
12513,5.7492108734565335
12514,5.7492108734565335
12515,5.7492108734565335
12516,5.7492108734565335
12517,5.7492108734565335
12518,5.7492108734565335
12519,5.7492108734565335
12520,5.7492108734565335
12521,5.7492108734565335
12522,5.7492108734565335
12523,5.7492108734565335
12524,5.7492108734565335
12525,5.7492108734565335
12526,5.7492108734565335
12527,5.7492108734565335
12528,5.7492108734565335
12529,5.7492108734565335
12530,5.7492108734565335
12531,5.7492108734565335
12532,5.7492108734565335
12533,5.7492108734565335
12534,5.7492108734565335
12535,5.7492108734565335
12536,5.7492108734565335
12537,5.7492108734565335
12538,5.7492108734565335
12539,5.7492108734565335
12540,5.7492108734565335
12541,5.7492108734565335
12542,5.7492108734565335
12543,5.7492108734565335
12544,5.7492108734565335
12545,5.7492108734565335
12546,5.7492108734565335
12547,5.7492108734565335
12548,5.7492108734565335
12549,5.7492108734565335
12550,5.7492108734565335
12551,5.7492108734565335
12552,5.7492108734565335
12553,5.7492108734565335
12554,5.7492108734565335
12555,5.7492108734565335
12556,5.7492108734565335
12557,5.7492108734565335
12558,5.7492108734565335
12559,5.7492108734565335
12560,5.7492108734565335
12561,5.7492108734565335
12562,5.7492108734565335
12563,5.7492108734565335
12564,5.7492108734565335
12565,5.7492108734565335
12566,5.7492108734565335
12567,5.7492108734565335
12568,5.7492108734565335
12569,5.7492108734565335
12570,5.7492108734565335
12571,5.7492108734565335
12572,5.7492108734565335
12573,5.7492108734565335
12574,5.7492108734565335
12575,5.7492108734565335
12576,5.7492108734565335
12577,5.7492108734565335
12578,5.7492108734565335
12579,5.7492108734565335
12580,5.7492108734565335
12581,5.7492108734565335
12582,5.7492108734565335
12583,5.7492108734565335
12584,5.7492108734565335
12585,5.7492108734565335
12586,5.7492108734565335
12587,5.7492108734565335
12588,5.7492108734565335
12589,5.7492108734565335
12590,5.7492108734565335
12591,5.7492108734565335
12592,5.7492108734565335
12593,5.7492108734565335
12594,5.7492108734565335
12595,5.7492108734565335
12596,5.7492108734565335
12597,5.7492108734565335
12598,5.7492108734565335
12599,5.7492108734565335
12600,5.7492108734565335
12601,5.7492108734565335
12602,5.7492108734565335
12603,5.7492108734565335
12604,5.7492108734565335
12605,5.7492108734565335
12606,5.7492108734565335
12607,5.7492108734565335
12608,5.7492108734565335
12609,5.7492108734565335
12610,5.7492108734565335
12611,5.7492108734565335
12612,5.7492108734565335
12613,5.7492108734565335
12614,5.7492108734565335
12615,5.7492108734565335
12616,5.7492108734565335
12617,5.7492108734565335
12618,5.7492108734565335
12619,5.7492108734565335
12620,5.7492108734565335
12621,5.7492108734565335
12622,5.7492108734565335
12623,5.7492108734565335
12624,5.7492108734565335
12625,5.7492108734565335
12626,5.7492108734565335
12627,5.7492108734565335
12628,5.7492108734565335
12629,5.7492108734565335
12630,5.7492108734565335
12631,5.7492108734565335
12632,5.7492108734565335
12633,5.7492108734565335
12634,5.7492108734565335
12635,5.7492108734565335
12636,5.7492108734565335
12637,5.7492108734565335
12638,5.7492108734565335
12639,5.7492108734565335
12640,5.7492108734565335
12641,5.7492108734565335
12642,5.7492108734565335
12643,5.7492108734565335
12644,5.7492108734565335
12645,5.7492108734565335
12646,5.7492108734565335
12647,5.7492108734565335
12648,5.7492108734565335
12649,5.7492108734565335
12650,5.7492108734565335
12651,5.7492108734565335
12652,5.7492108734565335
12653,5.7492108734565335
12654,5.7492108734565335
12655,5.7492108734565335
12656,5.7492108734565335
12657,5.7492108734565335
12658,5.7492108734565335
12659,5.7492108734565335
12660,5.7492108734565335
12661,5.7492108734565335
12662,5.7492108734565335
12663,5.7492108734565335
12664,5.7492108734565335
12665,5.7492108734565335
12666,5.7492108734565335
12667,5.7492108734565335
12668,5.7492108734565335
12669,5.7492108734565335
12670,5.7492108734565335
12671,5.7492108734565335
12672,5.7492108734565335
12673,5.7492108734565335
12674,5.7492108734565335
12675,5.7492108734565335
12676,5.7492108734565335
12677,5.7492108734565335
12678,5.7492108734565335
12679,5.7492108734565335
12680,5.7492108734565335
12681,5.7492108734565335
12682,5.7492108734565335
12683,5.7492108734565335
12684,5.7492108734565335
12685,5.7492108734565335
12686,5.7492108734565335
12687,5.7492108734565335
12688,5.7492108734565335
12689,5.7492108734565335
12690,5.7492108734565335
12691,5.7492108734565335
12692,5.7492108734565335
12693,5.7492108734565335
12694,5.7492108734565335
12695,5.7492108734565335
12696,5.7492108734565335
12697,5.7492108734565335
12698,5.7492108734565335
12699,5.7492108734565335
12700,5.7492108734565335
12701,5.7492108734565335
12702,5.7492108734565335
12703,5.7492108734565335
12704,5.7492108734565335
12705,5.7492108734565335
12706,5.7492108734565335
12707,5.7492108734565335
12708,5.7492108734565335
12709,5.7492108734565335
12710,5.7492108734565335
12711,5.7492108734565335
12712,5.7492108734565335
12713,5.7492108734565335
12714,5.7492108734565335
12715,5.7492108734565335
12716,5.7492108734565335
12717,5.7492108734565335
12718,5.7492108734565335
12719,5.7492108734565335
12720,5.7492108734565335
12721,5.7492108734565335
12722,5.7492108734565335
12723,5.7492108734565335
12724,5.7492108734565335
12725,5.7492108734565335
12726,5.7492108734565335
12727,5.7492108734565335
12728,5.7492108734565335
12729,5.7492108734565335
12730,5.7492108734565335
12731,5.7492108734565335
12732,5.7492108734565335
12733,5.7492108734565335
12734,5.7492108734565335
12735,5.7492108734565335
12736,5.7492108734565335
12737,5.7492108734565335
12738,5.7492108734565335
12739,5.7492108734565335
12740,5.7492108734565335
12741,5.7492108734565335
12742,5.7492108734565335
12743,5.7492108734565335
12744,5.7492108734565335
12745,5.7492108734565335
12746,5.7492108734565335
12747,5.7492108734565335
12748,5.7492108734565335
12749,5.7492108734565335
12750,5.7492108734565335
12751,5.7492108734565335
12752,5.7492108734565335
12753,5.7492108734565335
12754,5.7492108734565335
12755,5.7492108734565335
12756,5.7492108734565335
12757,5.7492108734565335
12758,5.7492108734565335
12759,5.7492108734565335
12760,5.7492108734565335
12761,5.7492108734565335
12762,5.7492108734565335
12763,5.7492108734565335
12764,5.7492108734565335
12765,5.7492108734565335
12766,5.7492108734565335
12767,5.7492108734565335
12768,5.7492108734565335
12769,5.7492108734565335
12770,5.7492108734565335
12771,5.7492108734565335
12772,5.7492108734565335
12773,5.7492108734565335
12774,5.7492108734565335
12775,5.7492108734565335
12776,5.7492108734565335
12777,5.7492108734565335
12778,5.7492108734565335
12779,5.7492108734565335
12780,5.7492108734565335
12781,5.7492108734565335
12782,5.7492108734565335
12783,5.7492108734565335
12784,5.7492108734565335
12785,5.7492108734565335
12786,5.7492108734565335
12787,5.7492108734565335
12788,5.7492108734565335
12789,5.7492108734565335
12790,5.7492108734565335
12791,5.7492108734565335
12792,5.7492108734565335
12793,5.7492108734565335
12794,5.7492108734565335
12795,5.7492108734565335
12796,5.7492108734565335
12797,5.7492108734565335
12798,5.7492108734565335
12799,5.7492108734565335
12800,5.7492108734565335
12801,5.7492108734565335
12802,5.7492108734565335
12803,5.7492108734565335
12804,5.7492108734565335
12805,5.7492108734565335
12806,5.7492108734565335
12807,5.7492108734565335
12808,5.7492108734565335
12809,5.7492108734565335
12810,5.7492108734565335
12811,5.7492108734565335
12812,5.7492108734565335
12813,5.7492108734565335
12814,5.7492108734565335
12815,5.7492108734565335
12816,5.7492108734565335
12817,5.7492108734565335
12818,5.7492108734565335
12819,5.7492108734565335
12820,5.7492108734565335
12821,5.7492108734565335
12822,5.7492108734565335
12823,5.7492108734565335
12824,5.7492108734565335
12825,5.7492108734565335
12826,5.7492108734565335
12827,5.7492108734565335
12828,5.7492108734565335
12829,5.7492108734565335
12830,5.7492108734565335
12831,5.7492108734565335
12832,5.7492108734565335
12833,5.7492108734565335
12834,5.7492108734565335
12835,5.7492108734565335
12836,5.7492108734565335
12837,5.7492108734565335
12838,5.7492108734565335
12839,5.7492108734565335
12840,5.7492108734565335
12841,5.7492108734565335
12842,5.7492108734565335
12843,5.7492108734565335
12844,5.7492108734565335
12845,5.7492108734565335
12846,5.7492108734565335
12847,5.7492108734565335
12848,5.7492108734565335
12849,5.7492108734565335
12850,5.7492108734565335
12851,5.7492108734565335
12852,5.7492108734565335
12853,5.7492108734565335
12854,5.7492108734565335
12855,5.7492108734565335
12856,5.7492108734565335
12857,5.7492108734565335
12858,5.7492108734565335
12859,5.7492108734565335
12860,5.7492108734565335
12861,5.7492108734565335
12862,5.7492108734565335
12863,5.7492108734565335
12864,5.7492108734565335
12865,5.7492108734565335
12866,5.7492108734565335
12867,5.7492108734565335
12868,5.7492108734565335
12869,5.7492108734565335
12870,5.7492108734565335
12871,5.7492108734565335
12872,5.7492108734565335
12873,5.7492108734565335
12874,5.7492108734565335
12875,5.7492108734565335
12876,5.7492108734565335
12877,5.7492108734565335
12878,5.7492108734565335
12879,5.7492108734565335
12880,5.7492108734565335
12881,5.7492108734565335
12882,5.7492108734565335
12883,5.7492108734565335
12884,5.7492108734565335
12885,5.7492108734565335
12886,5.7492108734565335
12887,5.7492108734565335
12888,5.7492108734565335
12889,5.7492108734565335
12890,5.7492108734565335
12891,5.7492108734565335
12892,5.7492108734565335
12893,5.7492108734565335
12894,5.7492108734565335
12895,5.7492108734565335
12896,5.7492108734565335
12897,5.7492108734565335
12898,5.7492108734565335
12899,5.7492108734565335
12900,5.7492108734565335
12901,5.7492108734565335
12902,5.7492108734565335
12903,5.7492108734565335
12904,5.7492108734565335
12905,5.7492108734565335
12906,5.7492108734565335
12907,5.7492108734565335
12908,5.7492108734565335
12909,5.7492108734565335
12910,5.7492108734565335
12911,5.7492108734565335
12912,5.7492108734565335
12913,5.7492108734565335
12914,5.7492108734565335
12915,5.7492108734565335
12916,5.7492108734565335
12917,5.7492108734565335
12918,5.7492108734565335
12919,5.7492108734565335
12920,5.7492108734565335
12921,5.7492108734565335
12922,5.7492108734565335
12923,5.7492108734565335
12924,5.7492108734565335
12925,5.7492108734565335
12926,5.7492108734565335
12927,5.7492108734565335
12928,5.7492108734565335
12929,5.7492108734565335
12930,5.7492108734565335
12931,5.7492108734565335
12932,5.7492108734565335
12933,5.7492108734565335
12934,5.7492108734565335
12935,5.7492108734565335
12936,5.7492108734565335
12937,5.7492108734565335
12938,5.7492108734565335
12939,5.7492108734565335
12940,5.7492108734565335
12941,5.7492108734565335
12942,5.7492108734565335
12943,5.7492108734565335
12944,5.7492108734565335
12945,5.7492108734565335
12946,5.7492108734565335
12947,5.7492108734565335
12948,5.7492108734565335
12949,5.7492108734565335
12950,5.7492108734565335
12951,5.7492108734565335
12952,5.7492108734565335
12953,5.7492108734565335
12954,5.7492108734565335
12955,5.7492108734565335
12956,5.7492108734565335
12957,5.7492108734565335
12958,5.7492108734565335
12959,5.7492108734565335
12960,5.7492108734565335
12961,5.7492108734565335
12962,5.7492108734565335
12963,5.7492108734565335
12964,5.7492108734565335
12965,5.7492108734565335
12966,5.7492108734565335
12967,5.7492108734565335
12968,5.7492108734565335
12969,5.7492108734565335
12970,5.7492108734565335
12971,5.7492108734565335
12972,5.7492108734565335
12973,5.7492108734565335
12974,5.7492108734565335
12975,5.7492108734565335
12976,5.7492108734565335
12977,5.7492108734565335
12978,5.7492108734565335
12979,5.7492108734565335
12980,5.7492108734565335
12981,5.7492108734565335
12982,5.7492108734565335
12983,5.7492108734565335
12984,5.7492108734565335
12985,5.7492108734565335
12986,5.7492108734565335
12987,5.7492108734565335
12988,5.7492108734565335
12989,5.7492108734565335
12990,5.7492108734565335
12991,5.7492108734565335
12992,5.7492108734565335
12993,5.7492108734565335
12994,5.7492108734565335
12995,5.7492108734565335
12996,5.7492108734565335
12997,5.7492108734565335
12998,5.7492108734565335
12999,5.7492108734565335
13000,5.7492108734565335
13001,5.7492108734565335
13002,5.7492108734565335
13003,5.7492108734565335
13004,5.7492108734565335
13005,5.7492108734565335
13006,5.7492108734565335
13007,5.7492108734565335
13008,5.7492108734565335
13009,5.7492108734565335
13010,5.7492108734565335
13011,5.7492108734565335
13012,0.9282909659901324
13013,0.9282909659901324
13014,0.9282909659901324
13015,0.9282909659901324
13016,0.9282909659901324
13017,0.9282909659901324
13018,0.9282909659901324
13019,0.9282909659901324
13020,0.9282909659901324
13021,0.9282909659901324
13022,0.9282909659901324
13023,0.9282909659901324
13024,0.9282909659901324
13025,0.9282909659901324
13026,0.9282909659901324
13027,0.9282909659901324
13028,0.9282909659901324
13029,0.9282909659901324
13030,0.9282909659901324
13031,0.9282909659901324
13032,0.9282909659901324
13033,0.9282909659901324
13034,0.9282909659901324
13035,0.9282909659901324
13036,0.9282909659901324
13037,0.9282909659901324
13038,0.9282909659901324
13039,0.9282909659901324
13040,0.9282909659901324
13041,0.9282909659901324
13042,0.9282909659901324
13043,0.9282909659901324
13044,0.9282909659901324
13045,0.9282909659901324
13046,0.9282909659901324
13047,0.9282909659901324
13048,0.9282909659901324
13049,0.9282909659901324
13050,0.9282909659901324
13051,0.9282909659901324
13052,0.9282909659901324
13053,0.9282909659901324
13054,0.9282909659901324
13055,0.9282909659901324
13056,0.9282909659901324
13057,0.9282909659901324
13058,0.9282909659901324
13059,0.9282909659901324
13060,0.9282909659901324
13061,0.9282909659901324
13062,0.9282909659901324
13063,0.9282909659901324
13064,0.9282909659901324
13065,0.9282909659901324
13066,0.9282909659901324
13067,0.9282909659901324
13068,0.9282909659901324
13069,0.9282909659901324
13070,0.9282909659901324
13071,0.9282909659901324
13072,0.9282909659901324
13073,0.9282909659901324
13074,0.9282909659901324
13075,0.9282909659901324
13076,0.9282909659901324
13077,0.9282909659901324
13078,0.9282909659901324
13079,0.9282909659901324
13080,0.9282909659901324
13081,0.9282909659901324
13082,0.9282909659901324
13083,0.9282909659901324
13084,0.9282909659901324
13085,0.9282909659901324
13086,0.9282909659901324
13087,0.9282909659901324
13088,0.9282909659901324
13089,0.9282909659901324
13090,0.9282909659901324
13091,0.9282909659901324
13092,0.9282909659901324
13093,0.9282909659901324
13094,0.9282909659901324
13095,0.9282909659901324
13096,0.9282909659901324
13097,0.9282909659901324
13098,0.9282909659901324
13099,0.9282909659901324
13100,0.9282909659901324
13101,0.9282909659901324
13102,0.9282909659901324
13103,0.9282909659901324
13104,0.9282909659901324
13105,0.9282909659901324
13106,0.9282909659901324
13107,0.9282909659901324
13108,0.9282909659901324
13109,0.9282909659901324
13110,0.9282909659901324
13111,0.9282909659901324
13112,0.9282909659901324
13113,0.9282909659901324
13114,0.9282909659901324
13115,0.9282909659901324
13116,0.9282909659901324
13117,0.9282909659901324
13118,0.9282909659901324
13119,0.9282909659901324
13120,0.9282909659901324
13121,0.9282909659901324
13122,0.9282909659901324
13123,0.9282909659901324
13124,0.9282909659901324
13125,0.9282909659901324
13126,0.9282909659901324
13127,0.9282909659901324
13128,0.9282909659901324
13129,0.9282909659901324
13130,0.9282909659901324
13131,0.9282909659901324
13132,0.9282909659901324
13133,0.9282909659901324
13134,0.9282909659901324
13135,0.9282909659901324
13136,0.9282909659901324
13137,0.9282909659901324
13138,0.9282909659901324
13139,0.9282909659901324
13140,0.9282909659901324
13141,0.9282909659901324
13142,0.9282909659901324
13143,0.9282909659901324
13144,0.9282909659901324
13145,0.9282909659901324
13146,0.9282909659901324
13147,0.9282909659901324
13148,0.9282909659901324
13149,0.9282909659901324
13150,0.9282909659901324
13151,0.9282909659901324
13152,0.9282909659901324
13153,0.9282909659901324
13154,0.9282909659901324
13155,0.9282909659901324
13156,0.9282909659901324
13157,0.9282909659901324
13158,0.9282909659901324
13159,0.9282909659901324
13160,0.9282909659901324
13161,0.9282909659901324
13162,0.9282909659901324
13163,0.9282909659901324
13164,0.9282909659901324
13165,0.9282909659901324
13166,0.9282909659901324
13167,0.9282909659901324
13168,0.9282909659901324
13169,0.9282909659901324
13170,0.9282909659901324
13171,0.9282909659901324
13172,0.9282909659901324
13173,0.9282909659901324
13174,0.9282909659901324
13175,0.9282909659901324
13176,0.9282909659901324
13177,0.9282909659901324
13178,0.9282909659901324
13179,0.9282909659901324
13180,0.9282909659901324
13181,0.9282909659901324
13182,0.9282909659901324
13183,0.9282909659901324
13184,0.9282909659901324
13185,0.9282909659901324
13186,0.9282909659901324
13187,0.9282909659901324
13188,0.9282909659901324
13189,0.9282909659901324
13190,0.9282909659901324
13191,0.9282909659901324
13192,0.9282909659901324
13193,0.9282909659901324
13194,0.9282909659901324
13195,0.9282909659901324
13196,0.9282909659901324
13197,0.9282909659901324
13198,0.9282909659901324
13199,0.9282909659901324
13200,0.9282909659901324
13201,0.9282909659901324
13202,0.9282909659901324
13203,0.9282909659901324
13204,0.9282909659901324
13205,0.9282909659901324
13206,0.9282909659901324
13207,0.9282909659901324
13208,0.9282909659901324
13209,0.9282909659901324
13210,0.9282909659901324
13211,0.9282909659901324
13212,0.9282909659901324
13213,0.9282909659901324
13214,0.9282909659901324
13215,0.9282909659901324
13216,0.9282909659901324
13217,0.9282909659901324
13218,0.9282909659901324
13219,0.9282909659901324
13220,0.9282909659901324
13221,0.9282909659901324
13222,0.9282909659901324
13223,0.9282909659901324
13224,0.9282909659901324
13225,0.9282909659901324
13226,0.9282909659901324
13227,0.9282909659901324
13228,0.9282909659901324
13229,0.9282909659901324
13230,0.9282909659901324
13231,0.9282909659901324
13232,0.9282909659901324
13233,0.9282909659901324
13234,0.9282909659901324
13235,0.9282909659901324
13236,0.9282909659901324
13237,0.9282909659901324
13238,0.9282909659901324
13239,0.9282909659901324
13240,0.9282909659901324
13241,0.9282909659901324
13242,0.9282909659901324
13243,0.9282909659901324
13244,0.9282909659901324
13245,0.9282909659901324
13246,0.9282909659901324
13247,0.9282909659901324
13248,0.9282909659901324
13249,0.9282909659901324
13250,0.9282909659901324
13251,0.9282909659901324
13252,0.9282909659901324
13253,0.9282909659901324
13254,0.9282909659901324
13255,0.9282909659901324
13256,0.9282909659901324
13257,0.9282909659901324
13258,0.9282909659901324
13259,0.9282909659901324
13260,0.9282909659901324
13261,0.9282909659901324
13262,0.9282909659901324
13263,0.9282909659901324
13264,0.9282909659901324
13265,0.9282909659901324
13266,0.9282909659901324
13267,0.9282909659901324
13268,0.9282909659901324
13269,-4.981223759291262
13270,-4.981223759291262
13271,-4.981223759291262
13272,-4.981223759291262
13273,-4.981223759291262
13274,-4.981223759291262
13275,-4.981223759291262
13276,-4.981223759291262
13277,-4.981223759291262
13278,-4.981223759291262
13279,-4.981223759291262
13280,-4.981223759291262
13281,-4.981223759291262
13282,-4.981223759291262
13283,-4.981223759291262
13284,-4.981223759291262
13285,-4.981223759291262
13286,-4.981223759291262
13287,-4.981223759291262
13288,-4.981223759291262
13289,-4.981223759291262
13290,-4.981223759291262
13291,-4.981223759291262
13292,-4.981223759291262
13293,-4.981223759291262
13294,-4.981223759291262
13295,-4.981223759291262
13296,-4.981223759291262
13297,-4.981223759291262
13298,-4.981223759291262
13299,-4.981223759291262
13300,-4.981223759291262
13301,-4.981223759291262
13302,-4.981223759291262
13303,-4.981223759291262
13304,-4.981223759291262
13305,-4.981223759291262
13306,-4.981223759291262
13307,-4.981223759291262
13308,-4.981223759291262
13309,-4.981223759291262
13310,-4.981223759291262
13311,-4.981223759291262
13312,-4.981223759291262
13313,-4.981223759291262
13314,-4.981223759291262
13315,-4.981223759291262
13316,-4.981223759291262
13317,-4.981223759291262
13318,-4.981223759291262
13319,-4.981223759291262
13320,-4.981223759291262
13321,-4.981223759291262
13322,-4.981223759291262
13323,-4.981223759291262
13324,-4.981223759291262
13325,-4.981223759291262
13326,-4.981223759291262
13327,-4.981223759291262
13328,-4.981223759291262
13329,-4.981223759291262
13330,-4.981223759291262
13331,-4.981223759291262
13332,-4.981223759291262
13333,-4.981223759291262
13334,-4.981223759291262
13335,-4.981223759291262
13336,-4.981223759291262
13337,-4.981223759291262
13338,-4.981223759291262
13339,-4.981223759291262
13340,-4.981223759291262
13341,-4.981223759291262
13342,-4.981223759291262
13343,-4.981223759291262
13344,-4.981223759291262
13345,-4.981223759291262
13346,-4.981223759291262
13347,-4.981223759291262
13348,-4.981223759291262
13349,-4.981223759291262
13350,-4.981223759291262
13351,-4.981223759291262
13352,-4.981223759291262
13353,-4.981223759291262
13354,-4.981223759291262
13355,-4.981223759291262
13356,-4.981223759291262
13357,-4.981223759291262
13358,-4.981223759291262
13359,-4.981223759291262
13360,-4.981223759291262
13361,-4.981223759291262
13362,-4.981223759291262
13363,-4.981223759291262
13364,-4.981223759291262
13365,-4.981223759291262
13366,-4.981223759291262
13367,-4.981223759291262
13368,-4.981223759291262
13369,-4.981223759291262
13370,-4.981223759291262
13371,-4.981223759291262
13372,-4.981223759291262
13373,-4.981223759291262
13374,-4.981223759291262
13375,-4.981223759291262
13376,-4.981223759291262
13377,-4.981223759291262
13378,-4.981223759291262
13379,-4.981223759291262
13380,-4.981223759291262
13381,-4.981223759291262
13382,-4.981223759291262
13383,-4.981223759291262
13384,-4.981223759291262
13385,-4.981223759291262
13386,-4.981223759291262
13387,-4.981223759291262
13388,-4.981223759291262
13389,-4.981223759291262
13390,-4.981223759291262
13391,-4.981223759291262
13392,-4.981223759291262
13393,-4.981223759291262
13394,-4.981223759291262
13395,-4.981223759291262
13396,-4.981223759291262
13397,-4.981223759291262
13398,-4.981223759291262
13399,-4.981223759291262
13400,-4.981223759291262
13401,-4.981223759291262
13402,-4.981223759291262
13403,-4.981223759291262
13404,-4.981223759291262
13405,-4.981223759291262
13406,-4.981223759291262
13407,-4.981223759291262
13408,-4.981223759291262
13409,-4.981223759291262
13410,-4.981223759291262
13411,-4.981223759291262
13412,-4.981223759291262
13413,-4.981223759291262
13414,-4.981223759291262
13415,-4.981223759291262
13416,-4.981223759291262
13417,-4.981223759291262
13418,-4.981223759291262
13419,-4.981223759291262
13420,-4.981223759291262
13421,-4.981223759291262
13422,-4.981223759291262
13423,-4.981223759291262
13424,-4.981223759291262
13425,-4.981223759291262
13426,-4.981223759291262
13427,-4.981223759291262
13428,-4.981223759291262
13429,-4.981223759291262
13430,-4.981223759291262
13431,-4.981223759291262
13432,-4.981223759291262
13433,-4.981223759291262
13434,-4.981223759291262
13435,-4.981223759291262
13436,-4.981223759291262
13437,-4.981223759291262
13438,-4.981223759291262
13439,-4.981223759291262
13440,-4.981223759291262
13441,-4.981223759291262
13442,-4.981223759291262
13443,-4.981223759291262
13444,-4.981223759291262
13445,-4.981223759291262
13446,-4.981223759291262
13447,-4.981223759291262
13448,-4.981223759291262
13449,-4.981223759291262
13450,-4.981223759291262
13451,-4.981223759291262
13452,-4.981223759291262
13453,-4.981223759291262
13454,-4.981223759291262
13455,-4.981223759291262
13456,-4.981223759291262
13457,-4.981223759291262
13458,-4.981223759291262
13459,-4.981223759291262
13460,-4.981223759291262
13461,-4.981223759291262
13462,-4.981223759291262
13463,-4.981223759291262
13464,-4.981223759291262
13465,-4.981223759291262
13466,-4.981223759291262
13467,-4.981223759291262
13468,-4.981223759291262
13469,-4.981223759291262
13470,-4.981223759291262
13471,-4.981223759291262
13472,-4.981223759291262
13473,-4.981223759291262
13474,-4.981223759291262
13475,-4.981223759291262
13476,-4.981223759291262
13477,-4.981223759291262
13478,-4.981223759291262
13479,-4.981223759291262
13480,-4.981223759291262
13481,-4.981223759291262
13482,-4.981223759291262
13483,-4.981223759291262
13484,-4.981223759291262
13485,-4.981223759291262
13486,-4.981223759291262
13487,-4.981223759291262
13488,-4.981223759291262
13489,-4.981223759291262
13490,-4.981223759291262
13491,-4.981223759291262
13492,-4.981223759291262
13493,-4.981223759291262
13494,-4.981223759291262
13495,-4.981223759291262
13496,-4.981223759291262
13497,-4.981223759291262
13498,-4.981223759291262
13499,-4.981223759291262
13500,-4.981223759291262
13501,-4.981223759291262
13502,-4.981223759291262
13503,-4.981223759291262
13504,-4.981223759291262
13505,-4.981223759291262
13506,-4.981223759291262
13507,-4.981223759291262
13508,-4.981223759291262
13509,-4.981223759291262
13510,-4.981223759291262
13511,-4.981223759291262
13512,-4.981223759291262
13513,-4.981223759291262
13514,-4.981223759291262
13515,-4.981223759291262
13516,-4.981223759291262
13517,-4.981223759291262
13518,-4.981223759291262
13519,-4.981223759291262
13520,-4.981223759291262
13521,-4.981223759291262
13522,-4.981223759291262
13523,-4.981223759291262
13524,-4.981223759291262
13525,-4.981223759291262
13526,-4.981223759291262
13527,-4.981223759291262
13528,-4.981223759291262
13529,-4.981223759291262
13530,-4.981223759291262
13531,-4.981223759291262
13532,-4.981223759291262
13533,-4.981223759291262
13534,-4.981223759291262
13535,-4.981223759291262
13536,-4.981223759291262
13537,-4.981223759291262
13538,-4.981223759291262
13539,-4.981223759291262
13540,-4.981223759291262
13541,-4.981223759291262
13542,-4.981223759291262
13543,-4.981223759291262
13544,-4.981223759291262
13545,-4.981223759291262
13546,-4.981223759291262
13547,-4.981223759291262
13548,-4.981223759291262
13549,-4.981223759291262
13550,-4.981223759291262
13551,-4.981223759291262
13552,-4.981223759291262
13553,-4.981223759291262
13554,-4.981223759291262
13555,-4.981223759291262
13556,-4.981223759291262
13557,-4.981223759291262
13558,-4.981223759291262
13559,-4.981223759291262
13560,-4.981223759291262
13561,-4.981223759291262
13562,-4.981223759291262
13563,-4.981223759291262
13564,-4.981223759291262
13565,-4.981223759291262
13566,-4.981223759291262
13567,-4.981223759291262
13568,-4.981223759291262
13569,-4.981223759291262
13570,-4.981223759291262
13571,-4.981223759291262
13572,-4.981223759291262
13573,-4.981223759291262
13574,-4.981223759291262
13575,-4.981223759291262
13576,-4.981223759291262
13577,-4.981223759291262
13578,-4.981223759291262
13579,-4.981223759291262
13580,-4.981223759291262
13581,-4.981223759291262
13582,-4.981223759291262
13583,-4.981223759291262
13584,-4.981223759291262
13585,-4.981223759291262
13586,-4.981223759291262
13587,-4.981223759291262
13588,-4.981223759291262
13589,-4.981223759291262
13590,-4.981223759291262
13591,-4.981223759291262
13592,-4.981223759291262
13593,-4.981223759291262
13594,-4.981223759291262
13595,-4.981223759291262
13596,-4.981223759291262
13597,-4.981223759291262
13598,-4.981223759291262
13599,-4.981223759291262
13600,-4.981223759291262
13601,-4.981223759291262
13602,-4.981223759291262
13603,-4.981223759291262
13604,-4.981223759291262
13605,-4.981223759291262
13606,-4.981223759291262
13607,-4.981223759291262
13608,-4.981223759291262
13609,-4.981223759291262
13610,-4.981223759291262
13611,-4.981223759291262
13612,-4.981223759291262
13613,-4.981223759291262
13614,-4.981223759291262
13615,-4.981223759291262
13616,-4.981223759291262
13617,-4.981223759291262
13618,-4.981223759291262
13619,-4.981223759291262
13620,-4.981223759291262
13621,-4.981223759291262
13622,-4.981223759291262
13623,-4.981223759291262
13624,-4.981223759291262
13625,-4.981223759291262
13626,-4.981223759291262
13627,-4.981223759291262
13628,-4.981223759291262
13629,-4.981223759291262
13630,-4.981223759291262
13631,-4.981223759291262
13632,-4.981223759291262
13633,-4.981223759291262
13634,-4.981223759291262
13635,-4.981223759291262
13636,-4.981223759291262
13637,-4.981223759291262
13638,-4.981223759291262
13639,-4.981223759291262
13640,-4.981223759291262
13641,-4.981223759291262
13642,-4.981223759291262
13643,-4.981223759291262
13644,-4.981223759291262
13645,-4.981223759291262
13646,-4.981223759291262
13647,-4.981223759291262
13648,-4.981223759291262
13649,-4.981223759291262
13650,-4.981223759291262
13651,-4.981223759291262
13652,-4.981223759291262
13653,-4.981223759291262
13654,-4.981223759291262
13655,-4.981223759291262
13656,-4.981223759291262
13657,-4.981223759291262
13658,-4.981223759291262
13659,-4.981223759291262
13660,-4.981223759291262
13661,-4.981223759291262
13662,-4.981223759291262
13663,-4.981223759291262
13664,-4.981223759291262
13665,-4.981223759291262
13666,-4.981223759291262
13667,-4.981223759291262
13668,-4.981223759291262
13669,-4.981223759291262
13670,-4.981223759291262
13671,-4.981223759291262
13672,-4.981223759291262
13673,-4.981223759291262
13674,-4.981223759291262
13675,-4.981223759291262
13676,-4.981223759291262
13677,-4.981223759291262
13678,-4.981223759291262
13679,-4.981223759291262
13680,-4.981223759291262
13681,-4.981223759291262
13682,-4.981223759291262
13683,-4.981223759291262
13684,-4.981223759291262
13685,-4.981223759291262
13686,-4.981223759291262
13687,-4.981223759291262
13688,-4.981223759291262
13689,-4.981223759291262
13690,-4.981223759291262
13691,-4.981223759291262
13692,-4.981223759291262
13693,-4.981223759291262
13694,-4.981223759291262
13695,-4.981223759291262
13696,-4.981223759291262
13697,-4.981223759291262
13698,-4.981223759291262
13699,-4.981223759291262
13700,-4.981223759291262
13701,-4.981223759291262
13702,-4.981223759291262
13703,-4.981223759291262
13704,-4.981223759291262
13705,-4.981223759291262
13706,-4.981223759291262
13707,-4.981223759291262
13708,-4.981223759291262
13709,-4.981223759291262
13710,-4.981223759291262
13711,-4.981223759291262
13712,-4.981223759291262
13713,-4.981223759291262
13714,-4.981223759291262
13715,-4.981223759291262
13716,-4.981223759291262
13717,-4.981223759291262
13718,-4.981223759291262
13719,-4.981223759291262
13720,-4.981223759291262
13721,-4.981223759291262
13722,-4.981223759291262
13723,-4.981223759291262
13724,-4.981223759291262
13725,-4.981223759291262
13726,-4.981223759291262
13727,-4.981223759291262
13728,-4.981223759291262
13729,-4.981223759291262
13730,-4.981223759291262
13731,-4.981223759291262
13732,-4.981223759291262
13733,-4.981223759291262
13734,-4.981223759291262
13735,-4.981223759291262
13736,-4.981223759291262
13737,-4.981223759291262
13738,-4.981223759291262
13739,-4.981223759291262
13740,-4.981223759291262
13741,-4.981223759291262
13742,-4.981223759291262
13743,-4.981223759291262
13744,-4.981223759291262
13745,-4.981223759291262
13746,-4.981223759291262
13747,-4.981223759291262
13748,-4.981223759291262
13749,-4.981223759291262
13750,-4.981223759291262
13751,-4.981223759291262
13752,-4.981223759291262
13753,-4.981223759291262
13754,-4.981223759291262
13755,-4.981223759291262
13756,-4.981223759291262
13757,-4.981223759291262
13758,-4.981223759291262
13759,-4.981223759291262
13760,-4.981223759291262
13761,-4.981223759291262
13762,-4.981223759291262
13763,-4.981223759291262
13764,-4.981223759291262
13765,-4.981223759291262
13766,-4.981223759291262
13767,-4.981223759291262
13768,-4.981223759291262
13769,-4.981223759291262
13770,-4.981223759291262
13771,-4.981223759291262
13772,-4.981223759291262
13773,-4.981223759291262
13774,-4.981223759291262
13775,-4.981223759291262
13776,-4.981223759291262
13777,-4.981223759291262
13778,-4.981223759291262
13779,-4.981223759291262
13780,-4.981223759291262
13781,-4.981223759291262
13782,-4.981223759291262
13783,-4.981223759291262
13784,-4.981223759291262
13785,-4.981223759291262
13786,-4.981223759291262
13787,-4.981223759291262
13788,-4.981223759291262
13789,-4.981223759291262
13790,-4.981223759291262
13791,-4.981223759291262
13792,-4.981223759291262
13793,-4.981223759291262
13794,-4.981223759291262
13795,-4.981223759291262
13796,-4.981223759291262
13797,-4.981223759291262
13798,-4.981223759291262
13799,-4.981223759291262
13800,-4.981223759291262
13801,-4.981223759291262
13802,-4.981223759291262
13803,-4.981223759291262
13804,-4.981223759291262
13805,-4.981223759291262
13806,-4.981223759291262
13807,-4.981223759291262
13808,-4.981223759291262
13809,-4.981223759291262
13810,-4.981223759291262
13811,-4.981223759291262
13812,-4.981223759291262
13813,-4.981223759291262
13814,-4.981223759291262
13815,-4.981223759291262
13816,-4.981223759291262
13817,-4.981223759291262
13818,-4.981223759291262
13819,-4.981223759291262
13820,-4.981223759291262
13821,-4.981223759291262
13822,-4.981223759291262
13823,-4.981223759291262
13824,-4.981223759291262
13825,-4.981223759291262
13826,-4.981223759291262
13827,-4.981223759291262
13828,-4.981223759291262
13829,-4.981223759291262
13830,-4.981223759291262
13831,-4.981223759291262
13832,-4.981223759291262
13833,-4.981223759291262
13834,-4.981223759291262
13835,-4.981223759291262
13836,-4.981223759291262
13837,-4.981223759291262
13838,-4.981223759291262
13839,-4.981223759291262
13840,-4.981223759291262
13841,-4.981223759291262
13842,-4.981223759291262
13843,-4.981223759291262
13844,-4.981223759291262
13845,-4.981223759291262
13846,-4.981223759291262
13847,-4.981223759291262
13848,-4.981223759291262
13849,-4.981223759291262
13850,-4.981223759291262
13851,-4.981223759291262
13852,-4.981223759291262
13853,-4.981223759291262
13854,-4.981223759291262
13855,-4.981223759291262
13856,-4.981223759291262
13857,-4.981223759291262
13858,-4.981223759291262
13859,-4.981223759291262
13860,-4.981223759291262
13861,-4.981223759291262
13862,-4.981223759291262
13863,-4.981223759291262
13864,-4.981223759291262
13865,-4.981223759291262
13866,-4.981223759291262
13867,-4.981223759291262
13868,-4.981223759291262
13869,-4.981223759291262
13870,-4.981223759291262
13871,-4.981223759291262
13872,-4.981223759291262
13873,-4.981223759291262
13874,-4.981223759291262
13875,-4.981223759291262
13876,-4.981223759291262
13877,-4.981223759291262
13878,-4.981223759291262
13879,-4.981223759291262
13880,-4.981223759291262
13881,-4.981223759291262
13882,-4.981223759291262
13883,-4.981223759291262
13884,-4.981223759291262
13885,-4.981223759291262
13886,-4.981223759291262
13887,-4.981223759291262
13888,-4.981223759291262
13889,-4.981223759291262
13890,-2.3374934874548488
13891,-2.3374934874548488
13892,-2.3374934874548488
13893,-2.3374934874548488
13894,-2.3374934874548488
13895,-2.3374934874548488
13896,-2.3374934874548488
13897,-2.3374934874548488
13898,-2.3374934874548488
13899,-2.3374934874548488
13900,-2.3374934874548488
13901,-2.3374934874548488
13902,-2.3374934874548488
13903,-2.3374934874548488
13904,-2.3374934874548488
13905,-2.3374934874548488
13906,-2.3374934874548488
13907,-2.3374934874548488
13908,-2.3374934874548488
13909,-2.3374934874548488
13910,-2.3374934874548488
13911,-2.3374934874548488
13912,-2.3374934874548488
13913,-2.3374934874548488
13914,-2.3374934874548488
13915,-2.3374934874548488
13916,-2.3374934874548488
13917,-2.3374934874548488
13918,-2.3374934874548488
13919,-2.3374934874548488
13920,-2.3374934874548488
13921,-2.3374934874548488
13922,-2.3374934874548488
13923,-2.3374934874548488
13924,-2.3374934874548488
13925,-2.3374934874548488
13926,-2.3374934874548488
13927,-2.3374934874548488
13928,-2.3374934874548488
13929,-2.3374934874548488
13930,-2.3374934874548488
13931,-2.3374934874548488
13932,-2.3374934874548488
13933,-2.3374934874548488
13934,-2.3374934874548488
13935,-2.3374934874548488
13936,-2.3374934874548488
13937,-2.3374934874548488
13938,-2.3374934874548488
13939,-2.3374934874548488
13940,-2.3374934874548488
13941,-2.3374934874548488
13942,-2.3374934874548488
13943,-2.3374934874548488
13944,-2.3374934874548488
13945,-2.3374934874548488
13946,-2.3374934874548488
13947,-2.3374934874548488
13948,-2.3374934874548488
13949,-2.3374934874548488
13950,-2.3374934874548488
13951,-2.3374934874548488
13952,-2.3374934874548488
13953,-2.3374934874548488
13954,-2.3374934874548488
13955,-2.3374934874548488
13956,-2.3374934874548488
13957,-2.3374934874548488
13958,-2.3374934874548488
13959,-2.3374934874548488
13960,-2.3374934874548488
13961,-2.3374934874548488
13962,-2.3374934874548488
13963,-2.3374934874548488
13964,-2.3374934874548488
13965,-2.3374934874548488
13966,-2.3374934874548488
13967,-2.3374934874548488
13968,-2.3374934874548488
13969,-2.3374934874548488
13970,-2.3374934874548488
13971,-2.3374934874548488
13972,-2.3374934874548488
13973,-2.3374934874548488
13974,-2.3374934874548488
13975,-2.3374934874548488
13976,-2.3374934874548488
13977,-2.3374934874548488
13978,-2.3374934874548488
13979,-2.3374934874548488
13980,-2.3374934874548488
13981,-2.3374934874548488
13982,-2.3374934874548488
13983,-2.3374934874548488
13984,-2.3374934874548488
13985,-2.3374934874548488
13986,-2.3374934874548488
13987,-2.3374934874548488
13988,-2.3374934874548488
13989,-2.3374934874548488
13990,-2.3374934874548488
13991,-2.3374934874548488
13992,-2.3374934874548488
13993,-2.3374934874548488
13994,-2.3374934874548488
13995,-2.3374934874548488
13996,-2.3374934874548488
13997,-2.3374934874548488
13998,-2.3374934874548488
13999,-2.3374934874548488
14000,-2.3374934874548488
14001,-2.3374934874548488
14002,-2.3374934874548488
14003,-2.3374934874548488
14004,-2.3374934874548488
14005,-2.3374934874548488
14006,-2.3374934874548488
14007,-2.3374934874548488
14008,-2.3374934874548488
14009,-2.3374934874548488
14010,-2.3374934874548488
14011,-2.3374934874548488
14012,-2.3374934874548488
14013,-2.3374934874548488
14014,-2.3374934874548488
14015,-2.3374934874548488
14016,-2.3374934874548488
14017,-2.3374934874548488
14018,-2.3374934874548488
14019,-2.3374934874548488
14020,-2.3374934874548488
14021,-2.3374934874548488
14022,-2.3374934874548488
14023,-2.3374934874548488
14024,-2.3374934874548488
14025,-2.3374934874548488
14026,-2.3374934874548488
14027,-2.3374934874548488
14028,-2.3374934874548488
14029,-2.3374934874548488
14030,-2.3374934874548488
14031,-2.3374934874548488
14032,-2.3374934874548488
14033,-2.3374934874548488
14034,-2.3374934874548488
14035,-2.3374934874548488
14036,-2.3374934874548488
14037,-2.3374934874548488
14038,-2.3374934874548488
14039,-2.3374934874548488
14040,-2.3374934874548488
14041,-2.3374934874548488
14042,-2.3374934874548488
14043,-2.3374934874548488
14044,-2.3374934874548488
14045,-2.3374934874548488
14046,-2.3374934874548488
14047,-2.3374934874548488
14048,-2.3374934874548488
14049,-2.3374934874548488
14050,-2.3374934874548488
14051,-2.3374934874548488
14052,-2.3374934874548488
14053,-2.3374934874548488
14054,-2.3374934874548488
14055,-2.3374934874548488
14056,-2.3374934874548488
14057,-2.3374934874548488
14058,-2.3374934874548488
14059,-2.3374934874548488
14060,-2.3374934874548488
14061,-2.3374934874548488
14062,-2.3374934874548488
14063,-2.3374934874548488
14064,-2.3374934874548488
14065,-2.3374934874548488
14066,-2.3374934874548488
14067,-2.3374934874548488
14068,-2.3374934874548488
14069,-2.3374934874548488
14070,-2.3374934874548488
14071,-2.3374934874548488
14072,-2.3374934874548488
14073,-2.3374934874548488
14074,-2.3374934874548488
14075,-2.3374934874548488
14076,-2.3374934874548488
14077,-2.3374934874548488
14078,-2.3374934874548488
14079,-2.3374934874548488
14080,-2.3374934874548488
14081,-2.3374934874548488
14082,-2.3374934874548488
14083,-2.3374934874548488
14084,-2.3374934874548488
14085,-2.3374934874548488
14086,-2.3374934874548488
14087,-2.3374934874548488
14088,-2.3374934874548488
14089,-2.3374934874548488
14090,-2.3374934874548488
14091,-2.3374934874548488
14092,-2.3374934874548488
14093,-2.3374934874548488
14094,-2.3374934874548488
14095,-2.3374934874548488
14096,-2.3374934874548488
14097,-2.3374934874548488
14098,-2.3374934874548488
14099,-2.3374934874548488
14100,-2.3374934874548488
14101,-2.3374934874548488
14102,-2.3374934874548488
14103,-2.3374934874548488
14104,-2.3374934874548488
14105,-2.3374934874548488
14106,-2.3374934874548488
14107,-2.3374934874548488
14108,-2.3374934874548488
14109,-2.3374934874548488
14110,-2.3374934874548488
14111,-2.3374934874548488
14112,-2.3374934874548488
14113,-2.3374934874548488
14114,-2.3374934874548488
14115,-2.3374934874548488
14116,-2.3374934874548488
14117,-2.3374934874548488
14118,-2.3374934874548488
14119,-2.3374934874548488
14120,-2.3374934874548488
14121,-2.3374934874548488
14122,-2.3374934874548488
14123,-2.3374934874548488
14124,-2.3374934874548488
14125,-2.3374934874548488
14126,-2.3374934874548488
14127,-2.3374934874548488
14128,-2.3374934874548488
14129,-2.3374934874548488
14130,-2.3374934874548488
14131,-2.3374934874548488
14132,-2.3374934874548488
14133,-2.3374934874548488
14134,-2.3374934874548488
14135,-2.3374934874548488
14136,-2.3374934874548488
14137,-2.3374934874548488
14138,-2.3374934874548488
14139,-2.3374934874548488
14140,-2.3374934874548488
14141,-2.3374934874548488
14142,-2.3374934874548488
14143,-2.3374934874548488
14144,-2.3374934874548488
14145,-2.3374934874548488
14146,-2.3374934874548488
14147,-2.3374934874548488
14148,-2.3374934874548488
14149,-2.3374934874548488
14150,-2.3374934874548488
14151,-2.3374934874548488
14152,-2.3374934874548488
14153,-2.3374934874548488
14154,-2.3374934874548488
14155,-2.3374934874548488
14156,-2.3374934874548488
14157,-2.3374934874548488
14158,-2.3374934874548488
14159,-2.3374934874548488
14160,-2.3374934874548488
14161,-2.3374934874548488
14162,-2.3374934874548488
14163,-2.3374934874548488
14164,-2.3374934874548488
14165,-2.3374934874548488
14166,-2.3374934874548488
14167,-2.3374934874548488
14168,-2.3374934874548488
14169,-2.3374934874548488
14170,-2.3374934874548488
14171,-2.3374934874548488
14172,-2.3374934874548488
14173,-2.3374934874548488
14174,-2.3374934874548488
14175,-2.3374934874548488
14176,-2.3374934874548488
14177,-2.3374934874548488
14178,-2.3374934874548488
14179,-2.3374934874548488
14180,-2.3374934874548488
14181,-2.3374934874548488
14182,-2.3374934874548488
14183,-2.3374934874548488
14184,-2.3374934874548488
14185,-2.3374934874548488
14186,-2.3374934874548488
14187,-2.3374934874548488
14188,-2.3374934874548488
14189,-2.3374934874548488
14190,-2.3374934874548488
14191,-2.3374934874548488
14192,-2.3374934874548488
14193,-2.3374934874548488
14194,-2.3374934874548488
14195,-2.3374934874548488
14196,-2.3374934874548488
14197,-2.3374934874548488
14198,-2.3374934874548488
14199,-2.3374934874548488
14200,-2.3374934874548488
14201,-2.3374934874548488
14202,-2.3374934874548488
14203,-2.3374934874548488
14204,-2.3374934874548488
14205,-2.3374934874548488
14206,-2.3374934874548488
14207,-2.3374934874548488
14208,-2.3374934874548488
14209,-2.3374934874548488
14210,-2.3374934874548488
14211,-2.3374934874548488
14212,-2.3374934874548488
14213,-2.3374934874548488
14214,-2.3374934874548488
14215,-2.3374934874548488
14216,-2.3374934874548488
14217,-2.3374934874548488
14218,-2.3374934874548488
14219,-2.3374934874548488
14220,-2.3374934874548488
14221,-2.3374934874548488
14222,-2.3374934874548488
14223,-2.3374934874548488
14224,-2.3374934874548488
14225,-2.3374934874548488
14226,-2.3374934874548488
14227,-2.3374934874548488
14228,-2.3374934874548488
14229,-2.3374934874548488
14230,-2.3374934874548488
14231,-2.3374934874548488
14232,-2.3374934874548488
14233,-2.3374934874548488
14234,-2.3374934874548488
14235,-2.3374934874548488
14236,-2.3374934874548488
14237,-2.3374934874548488
14238,-2.3374934874548488
14239,-2.3374934874548488
14240,-2.3374934874548488
14241,-2.3374934874548488
14242,-2.3374934874548488
14243,-2.3374934874548488
14244,-2.3374934874548488
14245,-2.3374934874548488
14246,-2.3374934874548488
14247,-2.3374934874548488
14248,-2.3374934874548488
14249,-2.3374934874548488
14250,-2.3374934874548488
14251,-2.3374934874548488
14252,-2.3374934874548488
14253,-2.3374934874548488
14254,-2.3374934874548488
14255,-2.3374934874548488
14256,-2.3374934874548488
14257,-2.3374934874548488
14258,-2.3374934874548488
14259,-2.3374934874548488
14260,-2.3374934874548488
14261,-2.3374934874548488
14262,-2.3374934874548488
14263,-2.3374934874548488
14264,-2.3374934874548488
14265,-2.3374934874548488
14266,-2.3374934874548488
14267,-2.3374934874548488
14268,-2.3374934874548488
14269,-2.3374934874548488
14270,-2.3374934874548488
14271,-2.3374934874548488
14272,-2.3374934874548488
14273,-2.3374934874548488
14274,-2.3374934874548488
14275,-2.3374934874548488
14276,-2.3374934874548488
14277,-2.3374934874548488
14278,-2.3374934874548488
14279,-2.3374934874548488
14280,-2.3374934874548488
14281,-2.3374934874548488
14282,-2.3374934874548488
14283,-2.3374934874548488
14284,-2.3374934874548488
14285,-2.3374934874548488
14286,-2.3374934874548488
14287,-2.3374934874548488
14288,-2.3374934874548488
14289,-2.3374934874548488
14290,-2.3374934874548488
14291,-2.3374934874548488
14292,-2.3374934874548488
14293,-2.3374934874548488
14294,-2.3374934874548488
14295,-2.3374934874548488
14296,-2.3374934874548488
14297,-2.3374934874548488
14298,-2.3374934874548488
14299,-2.3374934874548488
14300,-2.3374934874548488
14301,-2.3374934874548488
14302,-2.3374934874548488
14303,-2.3374934874548488
14304,-2.3374934874548488
14305,-2.3374934874548488
14306,-2.3374934874548488
14307,-2.3374934874548488
14308,-2.3374934874548488
14309,-2.3374934874548488
14310,-2.3374934874548488
14311,-2.3374934874548488
14312,-2.3374934874548488
14313,-2.3374934874548488
14314,-2.3374934874548488
14315,-2.3374934874548488
14316,-2.3374934874548488
14317,-2.3374934874548488
14318,-2.3374934874548488
14319,-2.3374934874548488
14320,-2.3374934874548488
14321,-2.3374934874548488
14322,-2.3374934874548488
14323,-2.3374934874548488
14324,-2.3374934874548488
14325,-2.3374934874548488
14326,-2.3374934874548488
14327,-2.3374934874548488
14328,-2.3374934874548488
14329,-2.3374934874548488
14330,-2.3374934874548488
14331,-2.3374934874548488
14332,-2.3374934874548488
14333,-2.3374934874548488
14334,-2.3374934874548488
14335,-2.3374934874548488
14336,-2.3374934874548488
14337,-2.3374934874548488
14338,-2.3374934874548488
14339,-2.3374934874548488
14340,-2.3374934874548488
14341,-2.3374934874548488
14342,-2.3374934874548488
14343,-2.3374934874548488
14344,-2.3374934874548488
14345,-2.3374934874548488
14346,-2.3374934874548488
14347,-2.3374934874548488
14348,-2.3374934874548488
14349,-2.3374934874548488
14350,-2.3374934874548488
14351,-2.3374934874548488
14352,-2.3374934874548488
14353,-2.3374934874548488
14354,-2.3374934874548488
14355,-2.3374934874548488
14356,-2.3374934874548488
14357,-2.3374934874548488
14358,-2.3374934874548488
14359,-2.3374934874548488
14360,-2.3374934874548488
14361,-2.3374934874548488
14362,-2.3374934874548488
14363,-2.3374934874548488
14364,-2.3374934874548488
14365,-2.3374934874548488
14366,-2.3374934874548488
14367,-2.3374934874548488
14368,-2.3374934874548488
14369,-2.3374934874548488
14370,-2.3374934874548488
14371,-2.3374934874548488
14372,-2.3374934874548488
14373,-2.3374934874548488
14374,-2.3374934874548488
14375,-2.3374934874548488
14376,-2.3374934874548488
14377,-2.3374934874548488
14378,-2.3374934874548488
14379,-2.3374934874548488
14380,-2.3374934874548488
14381,-2.3374934874548488
14382,-2.3374934874548488
14383,-2.3374934874548488
14384,-2.3374934874548488
14385,-2.3374934874548488
14386,-2.3374934874548488
14387,-2.3374934874548488
14388,-2.3374934874548488
14389,-2.3374934874548488
14390,-2.3374934874548488
14391,-2.3374934874548488
14392,-2.3374934874548488
14393,-2.3374934874548488
14394,-2.3374934874548488
14395,-2.3374934874548488
14396,-2.3374934874548488
14397,-2.3374934874548488
14398,-2.3374934874548488
14399,-2.3374934874548488
14400,-2.3374934874548488
14401,-2.3374934874548488
14402,-2.3374934874548488
14403,-2.3374934874548488
14404,-2.3374934874548488
14405,-2.3374934874548488
14406,-2.3374934874548488
14407,-2.3374934874548488
14408,-2.3374934874548488
14409,-2.3374934874548488
14410,-2.3374934874548488
14411,-2.3374934874548488
14412,-2.3374934874548488
14413,-2.3374934874548488
14414,-2.3374934874548488
14415,-2.3374934874548488
14416,-2.3374934874548488
14417,-2.3374934874548488
14418,-2.3374934874548488
14419,-2.3374934874548488
14420,-2.3374934874548488
14421,-2.3374934874548488
14422,-2.3374934874548488
14423,-2.3374934874548488
14424,-2.3374934874548488
14425,-2.3374934874548488
14426,-2.3374934874548488
14427,-2.3374934874548488
14428,-2.3374934874548488
14429,-2.3374934874548488
14430,-2.3374934874548488
14431,-2.3374934874548488
14432,-2.3374934874548488
14433,-2.3374934874548488
14434,-2.3374934874548488
14435,-2.3374934874548488
14436,-2.3374934874548488
14437,-2.3374934874548488
14438,-2.3374934874548488
14439,-2.3374934874548488
14440,-2.3374934874548488
14441,-2.3374934874548488
14442,-2.3374934874548488
14443,-2.3374934874548488
14444,-2.3374934874548488
14445,-2.3374934874548488
14446,-2.3374934874548488
14447,-2.3374934874548488
14448,-2.3374934874548488
14449,-2.3374934874548488
14450,-2.3374934874548488
14451,-2.3374934874548488
14452,-2.3374934874548488
14453,-2.3374934874548488
14454,-2.3374934874548488
14455,-2.3374934874548488
14456,-2.3374934874548488
14457,-2.3374934874548488
14458,-2.3374934874548488
14459,-2.3374934874548488
14460,-2.3374934874548488
14461,-2.3374934874548488
14462,-2.3374934874548488
14463,-2.3374934874548488
14464,-2.3374934874548488
14465,-2.3374934874548488
14466,-2.3374934874548488
14467,-2.3374934874548488
14468,-2.3374934874548488
14469,-2.3374934874548488
14470,-2.3374934874548488
14471,-2.3374934874548488
14472,-2.3374934874548488
14473,-2.3374934874548488
14474,-2.3374934874548488
14475,-2.3374934874548488
14476,-2.3374934874548488
14477,-2.3374934874548488
14478,-2.3374934874548488
14479,-2.3374934874548488
14480,-2.3374934874548488
14481,-2.3374934874548488
14482,-2.3374934874548488
14483,-2.3374934874548488
14484,-2.3374934874548488
14485,-2.3374934874548488
14486,-2.3374934874548488
14487,-2.3374934874548488
14488,-2.3374934874548488
14489,-2.3374934874548488
14490,-2.3374934874548488
14491,-2.3374934874548488
14492,-2.3374934874548488
14493,-2.3374934874548488
14494,-2.3374934874548488
14495,-2.3374934874548488
14496,-2.3374934874548488
14497,-2.3374934874548488
14498,-2.3374934874548488
14499,-2.3374934874548488
14500,-2.3374934874548488
14501,-2.3374934874548488
14502,-2.3374934874548488
14503,-2.3374934874548488
14504,-2.3374934874548488
14505,-2.3374934874548488
14506,-2.3374934874548488
14507,-2.3374934874548488
14508,-2.3374934874548488
14509,-2.3374934874548488
14510,-2.3374934874548488
14511,-2.3374934874548488
14512,-2.3374934874548488
14513,-2.3374934874548488
14514,-2.3374934874548488
14515,-2.3374934874548488
14516,-2.3374934874548488
14517,-2.3374934874548488
14518,-2.3374934874548488
14519,-2.3374934874548488
14520,-2.3374934874548488
14521,-2.3374934874548488
14522,-2.3374934874548488
14523,-2.3374934874548488
14524,-2.3374934874548488
14525,-2.3374934874548488
14526,-2.3374934874548488
14527,-2.3374934874548488
14528,-2.3374934874548488
14529,-2.3374934874548488
14530,-2.3374934874548488
14531,-2.3374934874548488
14532,-2.3374934874548488
14533,-2.3374934874548488
14534,-2.3374934874548488
14535,-2.3374934874548488
14536,-2.3374934874548488
14537,-2.3374934874548488
14538,-2.3374934874548488
14539,-2.3374934874548488
14540,-2.3374934874548488
14541,-2.3374934874548488
14542,-2.3374934874548488
14543,-2.3374934874548488
14544,-2.3374934874548488
14545,-2.3374934874548488
14546,-2.3374934874548488
14547,-2.3374934874548488
14548,-2.3374934874548488
14549,-2.3374934874548488
14550,-2.3374934874548488
14551,-2.3374934874548488
14552,-2.3374934874548488
14553,-2.3374934874548488
14554,-2.3374934874548488
14555,-2.3374934874548488
14556,-2.3374934874548488
14557,-2.3374934874548488
14558,-2.3374934874548488
14559,-2.3374934874548488
14560,-2.3374934874548488
14561,-2.3374934874548488
14562,-2.3374934874548488
14563,-2.3374934874548488
14564,-2.3374934874548488
14565,-2.3374934874548488
14566,-2.3374934874548488
14567,-2.3374934874548488
14568,-2.3374934874548488
14569,-2.3374934874548488
14570,-2.3374934874548488
14571,-2.3374934874548488
14572,-2.3374934874548488
14573,-2.3374934874548488
14574,-2.3374934874548488
14575,-2.3374934874548488
14576,-2.3374934874548488
14577,-2.3374934874548488
14578,-2.3374934874548488
14579,-2.3374934874548488
14580,-2.3374934874548488
14581,-2.3374934874548488
14582,-2.3374934874548488
14583,-2.3374934874548488
14584,-2.3374934874548488
14585,-2.3374934874548488
14586,-2.3374934874548488
14587,-2.3374934874548488
14588,-2.3374934874548488
14589,-2.3374934874548488
14590,-2.3374934874548488
14591,-2.3374934874548488
14592,-2.3374934874548488
14593,-2.3374934874548488
14594,-2.3374934874548488
14595,-2.3374934874548488
14596,-2.3374934874548488
14597,-2.3374934874548488
14598,-2.3374934874548488
14599,-2.3374934874548488
14600,-2.3374934874548488
14601,-2.3374934874548488
14602,-2.3374934874548488
14603,-2.3374934874548488
14604,-2.3374934874548488
14605,-2.3374934874548488
14606,-2.3374934874548488
14607,-2.3374934874548488
14608,-2.3374934874548488
14609,-2.3374934874548488
14610,-2.3374934874548488
14611,-2.3374934874548488
14612,-2.3374934874548488
14613,-2.3374934874548488
14614,-2.3374934874548488
14615,-2.3374934874548488
14616,-2.3374934874548488
14617,-2.3374934874548488
14618,-2.3374934874548488
14619,-2.3374934874548488
14620,-2.3374934874548488
14621,-2.3374934874548488
14622,-2.3374934874548488
14623,-2.3374934874548488
14624,-2.3374934874548488
14625,-2.3374934874548488
14626,-2.3374934874548488
14627,-2.3374934874548488
14628,-2.3374934874548488
14629,-2.3374934874548488
14630,-2.3374934874548488
14631,-2.3374934874548488
14632,-2.3374934874548488
14633,-2.3374934874548488
14634,-2.3374934874548488
14635,-2.3374934874548488
14636,-2.3374934874548488
14637,-2.3374934874548488
14638,-2.3374934874548488
14639,-2.3374934874548488
14640,-2.3374934874548488
14641,-2.3374934874548488
14642,-2.3374934874548488
14643,-2.3374934874548488
14644,-2.3374934874548488
14645,-2.3374934874548488
14646,-2.3374934874548488
14647,-2.3374934874548488
14648,-2.3374934874548488
14649,-2.3374934874548488
14650,-2.3374934874548488
14651,-2.3374934874548488
14652,-2.3374934874548488
14653,-2.3374934874548488
14654,-2.3374934874548488
14655,-2.3374934874548488
14656,-2.3374934874548488
14657,-2.3374934874548488
14658,-2.3374934874548488
14659,-2.3374934874548488
14660,-2.3374934874548488
14661,-2.3374934874548488
14662,-2.3374934874548488
14663,-2.3374934874548488
14664,-2.3374934874548488
14665,-2.3374934874548488
14666,-2.3374934874548488
14667,-2.3374934874548488
14668,-2.3374934874548488
14669,-2.3374934874548488
14670,-2.3374934874548488
14671,-2.3374934874548488
14672,14.613482961378626
14673,14.613482961378626
14674,14.613482961378626
14675,14.613482961378626
14676,14.613482961378626
14677,14.613482961378626
14678,14.613482961378626
14679,14.613482961378626
14680,14.613482961378626
14681,14.613482961378626
14682,14.613482961378626
14683,14.613482961378626
14684,14.613482961378626
14685,14.613482961378626
14686,14.613482961378626
14687,14.613482961378626
14688,14.613482961378626
14689,14.613482961378626
14690,14.613482961378626
14691,14.613482961378626
14692,14.613482961378626
14693,14.613482961378626
14694,14.613482961378626
14695,14.613482961378626
14696,14.613482961378626
14697,14.613482961378626
14698,14.613482961378626
14699,14.613482961378626
14700,14.613482961378626
14701,14.613482961378626
14702,14.613482961378626
14703,14.613482961378626
14704,14.613482961378626
14705,14.613482961378626
14706,14.613482961378626
14707,14.613482961378626
14708,14.613482961378626
14709,14.613482961378626
14710,14.613482961378626
14711,14.613482961378626
14712,14.613482961378626
14713,14.613482961378626
14714,14.613482961378626
14715,14.613482961378626
14716,14.613482961378626
14717,14.613482961378626
14718,14.613482961378626
14719,14.613482961378626
14720,14.613482961378626
14721,14.613482961378626
14722,14.613482961378626
14723,14.613482961378626
14724,14.613482961378626
14725,14.613482961378626
14726,14.613482961378626
14727,14.613482961378626
14728,14.613482961378626
14729,14.613482961378626
14730,14.613482961378626
14731,14.613482961378626
14732,14.613482961378626
14733,14.613482961378626
14734,14.613482961378626
14735,14.613482961378626
14736,14.613482961378626
14737,14.613482961378626
14738,14.613482961378626
14739,14.613482961378626
14740,14.613482961378626
14741,14.613482961378626
14742,14.613482961378626
14743,14.613482961378626
14744,14.613482961378626
14745,14.613482961378626
14746,14.613482961378626
14747,14.613482961378626
14748,14.613482961378626
14749,14.613482961378626
14750,14.613482961378626
14751,14.613482961378626
14752,14.613482961378626
14753,14.613482961378626
14754,14.613482961378626
14755,14.613482961378626
14756,14.613482961378626
14757,14.613482961378626
14758,14.613482961378626
14759,14.613482961378626
14760,14.613482961378626
14761,14.613482961378626
14762,14.613482961378626
14763,14.613482961378626
14764,14.613482961378626
14765,14.613482961378626
14766,14.613482961378626
14767,14.613482961378626
14768,14.613482961378626
14769,14.613482961378626
14770,14.613482961378626
14771,14.613482961378626
14772,14.613482961378626
14773,14.613482961378626
14774,14.613482961378626
14775,14.613482961378626
14776,14.613482961378626
14777,14.613482961378626
14778,14.613482961378626
14779,14.613482961378626
14780,14.613482961378626
14781,14.613482961378626
14782,14.613482961378626
14783,14.613482961378626
14784,14.613482961378626
14785,14.613482961378626
14786,14.613482961378626
14787,14.613482961378626
14788,14.613482961378626
14789,14.613482961378626
14790,14.613482961378626
14791,14.613482961378626
14792,14.613482961378626
14793,14.613482961378626
14794,14.613482961378626
14795,14.613482961378626
14796,14.613482961378626
14797,14.613482961378626
14798,14.613482961378626
14799,14.613482961378626
14800,14.613482961378626
14801,14.613482961378626
14802,14.613482961378626
14803,14.613482961378626
14804,14.613482961378626
14805,14.613482961378626
14806,14.613482961378626
14807,14.613482961378626
14808,14.613482961378626
14809,14.613482961378626
14810,14.613482961378626
14811,14.613482961378626
14812,14.613482961378626
14813,14.613482961378626
14814,14.613482961378626
14815,14.613482961378626
14816,14.613482961378626
14817,14.613482961378626
14818,14.613482961378626
14819,14.613482961378626
14820,14.613482961378626
14821,14.613482961378626
14822,14.613482961378626
14823,14.613482961378626
14824,14.613482961378626
14825,14.613482961378626
14826,14.613482961378626
14827,14.613482961378626
14828,14.613482961378626
14829,14.613482961378626
14830,14.613482961378626
14831,14.613482961378626
14832,14.613482961378626
14833,14.613482961378626
14834,14.613482961378626
14835,14.613482961378626
14836,14.613482961378626
14837,14.613482961378626
14838,14.613482961378626
14839,14.613482961378626
14840,14.613482961378626
14841,14.613482961378626
14842,14.613482961378626
14843,14.613482961378626
14844,14.613482961378626
14845,14.613482961378626
14846,14.613482961378626
14847,14.613482961378626
14848,14.613482961378626
14849,14.613482961378626
14850,14.613482961378626
14851,14.613482961378626
14852,14.613482961378626
14853,14.613482961378626
14854,14.613482961378626
14855,14.613482961378626
14856,14.613482961378626
14857,14.613482961378626
14858,14.613482961378626
14859,14.613482961378626
14860,14.613482961378626
14861,14.613482961378626
14862,14.613482961378626
14863,14.613482961378626
14864,14.613482961378626
14865,14.613482961378626
14866,14.613482961378626
14867,14.613482961378626
14868,14.613482961378626
14869,14.613482961378626
14870,14.613482961378626
14871,14.613482961378626
14872,14.613482961378626
14873,14.613482961378626
14874,14.613482961378626
14875,14.613482961378626
14876,14.613482961378626
14877,14.613482961378626
14878,14.613482961378626
14879,14.613482961378626
14880,14.613482961378626
14881,14.613482961378626
14882,14.613482961378626
14883,14.613482961378626
14884,14.613482961378626
14885,14.613482961378626
14886,14.613482961378626
14887,14.613482961378626
14888,14.613482961378626
14889,14.613482961378626
14890,14.613482961378626
14891,14.613482961378626
14892,14.613482961378626
14893,14.613482961378626
14894,14.613482961378626
14895,14.613482961378626
14896,14.613482961378626
14897,14.613482961378626
14898,14.613482961378626
14899,14.613482961378626
14900,14.613482961378626
14901,14.613482961378626
14902,14.613482961378626
14903,14.613482961378626
14904,14.613482961378626
14905,14.613482961378626
14906,14.613482961378626
14907,14.613482961378626
14908,14.613482961378626
14909,14.613482961378626
14910,14.613482961378626
14911,14.613482961378626
14912,14.613482961378626
14913,14.613482961378626
14914,14.613482961378626
14915,14.613482961378626
14916,14.613482961378626
14917,14.613482961378626
14918,14.613482961378626
14919,14.613482961378626
14920,14.613482961378626
14921,14.613482961378626
14922,14.613482961378626
14923,14.613482961378626
14924,14.613482961378626
14925,14.613482961378626
14926,14.613482961378626
14927,14.613482961378626
14928,14.613482961378626
14929,14.613482961378626
14930,14.613482961378626
14931,14.613482961378626
14932,14.613482961378626
14933,14.613482961378626
14934,14.613482961378626
14935,14.613482961378626
14936,14.613482961378626
14937,14.613482961378626
14938,14.613482961378626
14939,14.613482961378626
14940,14.613482961378626
14941,14.613482961378626
14942,14.613482961378626
14943,14.613482961378626
14944,14.613482961378626
14945,14.613482961378626
14946,14.613482961378626
14947,14.613482961378626
14948,14.613482961378626
14949,14.613482961378626
14950,14.613482961378626
14951,14.613482961378626
14952,14.613482961378626
14953,14.613482961378626
14954,14.613482961378626
14955,14.613482961378626
14956,14.613482961378626
14957,14.613482961378626
14958,14.613482961378626
14959,14.613482961378626
14960,14.613482961378626
14961,14.613482961378626
14962,14.613482961378626
14963,14.613482961378626
14964,14.613482961378626
14965,14.613482961378626
14966,14.613482961378626
14967,14.613482961378626
14968,14.613482961378626
14969,14.613482961378626
14970,14.613482961378626
14971,14.613482961378626
14972,14.613482961378626
14973,14.613482961378626
14974,14.613482961378626
14975,14.613482961378626
14976,14.613482961378626
14977,14.613482961378626
14978,14.613482961378626
14979,14.613482961378626
14980,14.613482961378626
14981,14.613482961378626
14982,14.613482961378626
14983,14.613482961378626
14984,14.613482961378626
14985,14.613482961378626
14986,14.613482961378626
14987,14.613482961378626
14988,14.613482961378626
14989,14.613482961378626
14990,14.613482961378626
14991,14.613482961378626
14992,14.613482961378626
14993,14.613482961378626
14994,14.613482961378626
14995,14.613482961378626
14996,14.613482961378626
14997,14.613482961378626
14998,14.613482961378626
14999,14.613482961378626
15000,14.613482961378626
15001,14.613482961378626
15002,14.613482961378626
15003,14.613482961378626
15004,14.613482961378626
15005,14.613482961378626
15006,14.613482961378626
15007,14.613482961378626
15008,14.613482961378626
15009,14.613482961378626
15010,14.613482961378626
15011,14.613482961378626
15012,14.613482961378626
15013,14.613482961378626
15014,14.613482961378626
15015,14.613482961378626
15016,14.613482961378626
15017,14.613482961378626
15018,14.613482961378626
15019,14.613482961378626
15020,14.613482961378626
15021,14.613482961378626
15022,14.613482961378626
15023,14.613482961378626
15024,14.613482961378626
15025,14.613482961378626
15026,14.613482961378626
15027,14.613482961378626
15028,14.613482961378626
15029,14.613482961378626
15030,14.613482961378626
15031,14.613482961378626
15032,14.613482961378626
15033,14.613482961378626
15034,14.613482961378626
15035,14.613482961378626
15036,14.613482961378626
15037,14.613482961378626
15038,14.613482961378626
15039,14.613482961378626
15040,14.613482961378626
15041,14.613482961378626
15042,14.613482961378626
15043,14.613482961378626
15044,14.613482961378626
15045,14.613482961378626
15046,14.613482961378626
15047,14.613482961378626
15048,14.613482961378626
15049,14.613482961378626
15050,14.613482961378626
15051,14.613482961378626
15052,14.613482961378626
15053,14.613482961378626
15054,14.613482961378626
15055,14.613482961378626
15056,14.613482961378626
15057,14.613482961378626
15058,14.613482961378626
15059,14.613482961378626
15060,14.613482961378626
15061,14.613482961378626
15062,14.613482961378626
15063,14.613482961378626
15064,14.613482961378626
15065,14.613482961378626
15066,14.613482961378626
15067,14.613482961378626
15068,14.613482961378626
15069,14.613482961378626
15070,14.613482961378626
15071,14.613482961378626
15072,14.613482961378626
15073,14.613482961378626
15074,14.613482961378626
15075,14.613482961378626
15076,14.613482961378626
15077,14.613482961378626
15078,14.613482961378626
15079,14.613482961378626
15080,14.613482961378626
15081,14.613482961378626
15082,14.613482961378626
15083,14.613482961378626
15084,14.613482961378626
15085,14.613482961378626
15086,14.613482961378626
15087,14.613482961378626
15088,14.613482961378626
15089,14.613482961378626
15090,14.613482961378626
15091,14.613482961378626
15092,14.613482961378626
15093,14.613482961378626
15094,14.613482961378626
15095,14.613482961378626
15096,14.613482961378626
15097,14.613482961378626
15098,14.613482961378626
15099,14.613482961378626
15100,14.613482961378626
15101,14.613482961378626
15102,14.613482961378626
15103,14.613482961378626
15104,14.613482961378626
15105,14.613482961378626
15106,14.613482961378626
15107,14.613482961378626
15108,14.613482961378626
15109,14.613482961378626
15110,14.613482961378626
15111,14.613482961378626
15112,14.613482961378626
15113,14.613482961378626
15114,14.613482961378626
15115,14.613482961378626
15116,14.613482961378626
15117,14.613482961378626
15118,14.613482961378626
15119,14.613482961378626
15120,14.613482961378626
15121,14.613482961378626
15122,14.613482961378626
15123,14.613482961378626
15124,14.613482961378626
15125,14.613482961378626
15126,14.613482961378626
15127,14.613482961378626
15128,14.613482961378626
15129,14.613482961378626
15130,14.613482961378626
15131,14.613482961378626
15132,14.613482961378626
15133,14.613482961378626
15134,14.613482961378626
15135,14.613482961378626
15136,14.613482961378626
15137,14.613482961378626
15138,14.613482961378626
15139,14.613482961378626
15140,14.613482961378626
15141,14.613482961378626
15142,14.613482961378626
15143,14.613482961378626
15144,14.613482961378626
15145,14.613482961378626
15146,14.613482961378626
15147,14.613482961378626
15148,14.613482961378626
15149,14.613482961378626
15150,14.613482961378626
15151,14.613482961378626
15152,14.613482961378626
15153,14.613482961378626
15154,14.613482961378626
15155,14.613482961378626
15156,14.613482961378626
15157,14.613482961378626
15158,14.613482961378626
15159,14.613482961378626
15160,14.613482961378626
15161,14.613482961378626
15162,14.613482961378626
15163,14.613482961378626
15164,14.613482961378626
15165,14.613482961378626
15166,14.613482961378626
15167,14.613482961378626
15168,14.613482961378626
15169,14.613482961378626
15170,14.613482961378626
15171,14.613482961378626
15172,14.613482961378626
15173,14.613482961378626
15174,14.613482961378626
15175,14.613482961378626
15176,14.613482961378626
15177,14.613482961378626
15178,14.613482961378626
15179,14.613482961378626
15180,14.613482961378626
15181,14.613482961378626
15182,14.613482961378626
15183,14.613482961378626
15184,14.613482961378626
15185,14.613482961378626
15186,14.613482961378626
15187,14.613482961378626
15188,14.613482961378626
15189,14.613482961378626
15190,14.613482961378626
15191,14.613482961378626
15192,14.613482961378626
15193,14.613482961378626
15194,14.613482961378626
15195,14.613482961378626
15196,14.613482961378626
15197,14.613482961378626
15198,14.613482961378626
15199,14.613482961378626
15200,14.613482961378626
15201,14.613482961378626
15202,14.613482961378626
15203,14.613482961378626
15204,14.613482961378626
15205,14.613482961378626
15206,14.613482961378626
15207,14.613482961378626
15208,14.613482961378626
15209,14.613482961378626
15210,14.613482961378626
15211,14.613482961378626
15212,14.613482961378626
15213,14.613482961378626
15214,14.613482961378626
15215,14.613482961378626
15216,14.613482961378626
15217,14.613482961378626
15218,14.613482961378626
15219,14.613482961378626
15220,14.613482961378626
15221,14.613482961378626
15222,14.613482961378626
15223,14.613482961378626
15224,14.613482961378626
15225,14.613482961378626
15226,14.613482961378626
15227,14.613482961378626
15228,14.613482961378626
15229,14.613482961378626
15230,14.613482961378626
15231,14.613482961378626
15232,14.613482961378626
15233,14.613482961378626
15234,14.613482961378626
15235,14.613482961378626
15236,14.613482961378626
15237,14.613482961378626
15238,14.613482961378626
15239,14.613482961378626
15240,14.613482961378626
15241,14.613482961378626
15242,14.613482961378626
15243,14.613482961378626
15244,14.613482961378626
15245,14.613482961378626
15246,14.613482961378626
15247,14.613482961378626
15248,14.613482961378626
15249,14.613482961378626
15250,14.613482961378626
15251,14.613482961378626
15252,14.613482961378626
15253,14.613482961378626
15254,14.613482961378626
15255,14.613482961378626
15256,14.613482961378626
15257,14.613482961378626
15258,14.613482961378626
15259,14.613482961378626
15260,14.613482961378626
15261,14.613482961378626
15262,14.613482961378626
15263,14.613482961378626
15264,14.613482961378626
15265,14.613482961378626
15266,14.613482961378626
15267,14.613482961378626
15268,14.613482961378626
15269,14.613482961378626
15270,14.613482961378626
15271,14.613482961378626
15272,14.613482961378626
15273,14.613482961378626
15274,14.613482961378626
15275,14.613482961378626
15276,14.613482961378626
15277,14.613482961378626
15278,14.613482961378626
15279,14.613482961378626
15280,14.613482961378626
15281,14.613482961378626
15282,14.613482961378626
15283,14.613482961378626
15284,14.613482961378626
15285,14.613482961378626
15286,14.613482961378626
15287,14.613482961378626
15288,14.613482961378626
15289,14.613482961378626
15290,14.613482961378626
15291,14.613482961378626
15292,14.613482961378626
15293,14.613482961378626
15294,14.613482961378626
15295,14.613482961378626
15296,14.613482961378626
15297,14.613482961378626
15298,14.613482961378626
15299,14.613482961378626
15300,14.613482961378626
15301,14.613482961378626
15302,14.613482961378626
15303,14.613482961378626
15304,14.613482961378626
15305,14.613482961378626
15306,14.613482961378626
15307,14.613482961378626
15308,14.613482961378626
15309,14.613482961378626
15310,14.613482961378626
15311,14.613482961378626
15312,14.613482961378626
15313,14.613482961378626
15314,14.613482961378626
15315,14.613482961378626
15316,14.613482961378626
15317,14.613482961378626
15318,14.613482961378626
15319,14.613482961378626
15320,14.613482961378626
15321,14.613482961378626
15322,14.613482961378626
15323,14.613482961378626
15324,14.613482961378626
15325,14.613482961378626
15326,14.613482961378626
15327,14.613482961378626
15328,14.613482961378626
15329,14.613482961378626
15330,14.613482961378626
15331,14.613482961378626
15332,14.613482961378626
15333,14.613482961378626
15334,14.613482961378626
15335,14.613482961378626
15336,14.613482961378626
15337,14.613482961378626
15338,14.613482961378626
15339,14.613482961378626
15340,14.613482961378626
15341,14.613482961378626
15342,14.613482961378626
15343,14.613482961378626
15344,14.613482961378626
15345,14.613482961378626
15346,14.613482961378626
15347,14.613482961378626
15348,14.613482961378626
15349,14.613482961378626
15350,14.613482961378626
15351,14.613482961378626
15352,14.613482961378626
15353,14.613482961378626
15354,14.613482961378626
15355,14.613482961378626
15356,14.613482961378626
15357,14.613482961378626
15358,14.613482961378626
15359,14.613482961378626
15360,14.613482961378626
15361,14.613482961378626
15362,14.613482961378626
15363,14.613482961378626
15364,14.613482961378626
15365,14.613482961378626
15366,14.613482961378626
15367,14.613482961378626
15368,14.613482961378626
15369,14.613482961378626
15370,14.613482961378626
15371,14.613482961378626
15372,14.613482961378626
15373,14.613482961378626
15374,14.613482961378626
15375,14.613482961378626
15376,14.613482961378626
15377,14.613482961378626
15378,14.613482961378626
15379,14.613482961378626
15380,14.613482961378626
15381,14.613482961378626
15382,14.613482961378626
15383,14.613482961378626
15384,14.613482961378626
15385,14.613482961378626
15386,14.613482961378626
15387,14.613482961378626
15388,14.613482961378626
15389,14.613482961378626
15390,14.613482961378626
15391,14.613482961378626
15392,14.613482961378626
15393,14.613482961378626
15394,14.613482961378626
15395,14.613482961378626
15396,14.613482961378626
15397,14.613482961378626
15398,14.613482961378626
15399,14.613482961378626
15400,14.613482961378626
15401,14.613482961378626
15402,14.613482961378626
15403,14.613482961378626
15404,14.613482961378626
15405,14.613482961378626
15406,14.613482961378626
15407,14.613482961378626
15408,14.613482961378626
15409,14.613482961378626
15410,14.613482961378626
15411,14.613482961378626
15412,14.613482961378626
15413,14.613482961378626
15414,14.613482961378626
15415,14.613482961378626
15416,14.613482961378626
15417,14.613482961378626
15418,14.613482961378626
15419,14.613482961378626
15420,14.613482961378626
15421,14.613482961378626
15422,14.613482961378626
15423,14.613482961378626
15424,14.613482961378626
15425,14.613482961378626
15426,14.613482961378626
15427,14.613482961378626
15428,14.613482961378626
15429,14.613482961378626
15430,14.613482961378626
15431,14.613482961378626
15432,14.613482961378626
15433,14.613482961378626
15434,14.613482961378626
15435,14.613482961378626
15436,14.613482961378626
15437,14.613482961378626
15438,14.613482961378626
15439,14.613482961378626
15440,14.613482961378626
15441,14.613482961378626
15442,14.613482961378626
15443,14.613482961378626
15444,14.613482961378626
15445,14.613482961378626
15446,14.613482961378626
15447,14.613482961378626
15448,14.613482961378626
15449,14.613482961378626
15450,14.613482961378626
15451,14.613482961378626
15452,14.613482961378626
15453,14.613482961378626
15454,14.613482961378626
15455,14.613482961378626
15456,14.613482961378626
15457,14.613482961378626
15458,14.613482961378626
15459,14.613482961378626
15460,14.613482961378626
15461,14.613482961378626
15462,14.613482961378626
15463,14.613482961378626
15464,14.613482961378626
15465,14.613482961378626
15466,14.613482961378626
15467,14.613482961378626
15468,14.613482961378626
15469,14.613482961378626
15470,14.613482961378626
15471,14.613482961378626
15472,14.613482961378626
15473,14.613482961378626
15474,14.613482961378626
15475,14.613482961378626
15476,14.613482961378626
15477,14.613482961378626
15478,14.613482961378626
15479,14.613482961378626
15480,14.613482961378626
15481,14.613482961378626
15482,14.613482961378626
15483,14.613482961378626
15484,14.613482961378626
15485,14.613482961378626
15486,14.613482961378626
15487,14.613482961378626
15488,14.613482961378626
15489,14.613482961378626
15490,14.613482961378626
15491,14.613482961378626
15492,14.613482961378626
15493,14.613482961378626
15494,14.613482961378626
15495,14.613482961378626
15496,14.613482961378626
15497,14.613482961378626
15498,14.613482961378626
15499,14.613482961378626
15500,14.613482961378626
15501,14.613482961378626
15502,14.613482961378626
15503,14.613482961378626
15504,14.613482961378626
15505,14.613482961378626
15506,14.613482961378626
15507,14.613482961378626
15508,14.613482961378626
15509,14.613482961378626
15510,14.613482961378626
15511,14.613482961378626
15512,14.613482961378626
15513,14.613482961378626
15514,14.613482961378626
15515,14.613482961378626
15516,14.613482961378626
15517,14.613482961378626
15518,14.613482961378626
15519,14.613482961378626
15520,14.613482961378626
15521,14.613482961378626
15522,14.613482961378626
15523,14.613482961378626
15524,14.613482961378626
15525,14.613482961378626
15526,14.613482961378626
15527,14.613482961378626
15528,14.613482961378626
15529,14.613482961378626
15530,14.613482961378626
15531,14.613482961378626
15532,14.613482961378626
15533,14.613482961378626
15534,14.613482961378626
15535,14.613482961378626
15536,14.613482961378626
15537,14.613482961378626
15538,14.613482961378626
15539,14.613482961378626
15540,14.613482961378626
15541,14.613482961378626
15542,14.613482961378626
15543,14.613482961378626
15544,14.613482961378626
15545,14.613482961378626
15546,14.613482961378626
15547,14.613482961378626
15548,14.613482961378626
15549,14.613482961378626
15550,14.613482961378626
15551,14.613482961378626
15552,14.613482961378626
15553,14.613482961378626
15554,14.613482961378626
15555,14.613482961378626
15556,14.613482961378626
15557,14.613482961378626
15558,14.613482961378626
15559,14.613482961378626
15560,14.613482961378626
15561,14.613482961378626
15562,14.613482961378626
15563,14.613482961378626
15564,14.613482961378626
15565,14.613482961378626
15566,14.613482961378626
15567,14.613482961378626
15568,14.613482961378626
15569,14.613482961378626
15570,14.613482961378626
15571,14.613482961378626
15572,14.613482961378626
15573,14.613482961378626
15574,14.613482961378626
15575,14.613482961378626
15576,14.613482961378626
15577,14.613482961378626
15578,14.613482961378626
15579,14.613482961378626
15580,14.613482961378626
15581,14.613482961378626
15582,14.613482961378626
15583,14.613482961378626
15584,14.613482961378626
15585,14.613482961378626
15586,14.613482961378626
15587,14.613482961378626
15588,14.613482961378626
15589,14.613482961378626
15590,14.613482961378626
15591,14.613482961378626
15592,14.613482961378626
15593,14.613482961378626
15594,14.613482961378626
15595,14.613482961378626
15596,14.613482961378626
15597,14.613482961378626
15598,14.613482961378626
15599,14.613482961378626
15600,14.613482961378626
15601,14.613482961378626
15602,14.613482961378626
15603,14.613482961378626
15604,14.613482961378626
15605,14.613482961378626
15606,14.613482961378626
15607,14.613482961378626
15608,14.613482961378626
15609,14.613482961378626
15610,14.613482961378626
15611,14.613482961378626
15612,14.613482961378626
15613,14.613482961378626
15614,14.613482961378626
15615,14.613482961378626
15616,14.613482961378626
15617,14.613482961378626
15618,14.613482961378626
15619,14.613482961378626
15620,14.613482961378626
15621,14.613482961378626
15622,14.613482961378626
15623,14.613482961378626
15624,14.613482961378626
15625,14.613482961378626
15626,14.613482961378626
15627,14.613482961378626
15628,14.613482961378626
15629,14.613482961378626
15630,14.613482961378626
15631,14.613482961378626
15632,14.613482961378626
15633,14.613482961378626
15634,14.613482961378626
15635,14.613482961378626
15636,14.613482961378626
15637,14.613482961378626
15638,14.613482961378626
15639,14.613482961378626
15640,14.613482961378626
15641,14.613482961378626
15642,14.613482961378626
15643,14.613482961378626
15644,14.613482961378626
15645,14.613482961378626
15646,14.613482961378626
15647,14.613482961378626
15648,14.613482961378626
15649,14.613482961378626
15650,14.613482961378626
15651,14.613482961378626
15652,14.613482961378626
15653,14.613482961378626
15654,14.613482961378626
15655,14.613482961378626
15656,14.613482961378626
15657,14.613482961378626
15658,14.613482961378626
15659,14.613482961378626
15660,14.613482961378626
15661,14.613482961378626
15662,14.613482961378626
15663,14.613482961378626
15664,14.613482961378626
15665,14.613482961378626
15666,14.613482961378626
15667,14.613482961378626
15668,14.613482961378626
15669,14.613482961378626
15670,14.613482961378626
15671,14.613482961378626
15672,14.613482961378626
15673,14.613482961378626
15674,14.613482961378626
15675,14.613482961378626
15676,14.613482961378626
15677,14.613482961378626
15678,14.613482961378626
15679,14.613482961378626
15680,14.613482961378626
15681,14.613482961378626
15682,14.613482961378626
15683,14.613482961378626
15684,14.613482961378626
15685,14.613482961378626
15686,14.613482961378626
15687,14.613482961378626
15688,14.613482961378626
15689,14.613482961378626
15690,14.613482961378626
15691,14.613482961378626
15692,14.613482961378626
15693,14.613482961378626
15694,14.613482961378626
15695,14.613482961378626
15696,14.613482961378626
15697,14.613482961378626
15698,14.613482961378626
15699,14.613482961378626
15700,14.613482961378626
15701,14.613482961378626
15702,14.613482961378626
15703,14.613482961378626
15704,14.613482961378626
15705,14.613482961378626
15706,14.613482961378626
15707,14.613482961378626
15708,14.613482961378626
15709,14.613482961378626
15710,14.613482961378626
15711,14.613482961378626
15712,14.613482961378626
15713,14.613482961378626
15714,14.613482961378626
15715,14.613482961378626
15716,14.613482961378626
15717,14.613482961378626
15718,14.613482961378626
15719,14.613482961378626
15720,14.613482961378626
15721,14.613482961378626
15722,14.613482961378626
15723,14.613482961378626
15724,14.613482961378626
15725,14.613482961378626
15726,14.613482961378626
15727,14.613482961378626
15728,14.613482961378626
15729,14.613482961378626
15730,14.613482961378626
15731,14.613482961378626
15732,14.613482961378626
15733,14.613482961378626
15734,14.613482961378626
15735,14.613482961378626
15736,14.613482961378626
15737,14.613482961378626
15738,14.613482961378626
15739,14.613482961378626
15740,14.613482961378626
15741,14.613482961378626
15742,14.613482961378626
15743,14.613482961378626
15744,14.613482961378626
15745,14.613482961378626
15746,14.613482961378626
15747,14.613482961378626
15748,14.613482961378626
15749,14.613482961378626
15750,14.613482961378626
15751,14.613482961378626
15752,14.613482961378626
15753,14.613482961378626
15754,14.613482961378626
15755,14.613482961378626
15756,14.613482961378626
15757,14.613482961378626
15758,14.613482961378626
15759,14.613482961378626
15760,14.613482961378626
15761,14.613482961378626
15762,14.613482961378626
15763,14.613482961378626
15764,14.613482961378626
15765,14.613482961378626
15766,14.613482961378626
15767,14.613482961378626
15768,14.613482961378626
15769,14.613482961378626
15770,14.613482961378626
15771,14.613482961378626
15772,14.613482961378626
15773,14.613482961378626
15774,14.613482961378626
15775,14.613482961378626
15776,14.613482961378626
15777,14.613482961378626
15778,14.613482961378626
15779,14.613482961378626
15780,14.613482961378626
15781,14.613482961378626
15782,14.613482961378626
15783,14.613482961378626
15784,14.613482961378626
15785,14.613482961378626
15786,14.613482961378626
15787,14.613482961378626
15788,14.613482961378626
15789,14.613482961378626
15790,14.613482961378626
15791,14.613482961378626
15792,14.613482961378626
15793,14.613482961378626
15794,14.613482961378626
15795,14.613482961378626
15796,14.613482961378626
15797,14.613482961378626
15798,14.613482961378626
15799,14.613482961378626
15800,14.613482961378626
15801,14.613482961378626
15802,14.613482961378626
15803,14.613482961378626
15804,14.613482961378626
15805,14.613482961378626
15806,14.613482961378626
15807,14.613482961378626
15808,14.613482961378626
15809,14.613482961378626
15810,14.613482961378626
15811,14.613482961378626
15812,14.613482961378626
15813,14.613482961378626
15814,14.613482961378626
15815,14.613482961378626
15816,14.613482961378626
15817,14.613482961378626
15818,14.613482961378626
15819,14.613482961378626
15820,14.613482961378626
15821,14.613482961378626
15822,14.613482961378626
15823,14.613482961378626
15824,14.613482961378626
15825,14.613482961378626
15826,14.613482961378626
15827,14.613482961378626
15828,14.613482961378626
15829,14.613482961378626
15830,14.613482961378626
15831,14.613482961378626
15832,14.613482961378626
15833,14.613482961378626
15834,14.613482961378626
15835,14.613482961378626
15836,14.613482961378626
15837,14.613482961378626
15838,14.613482961378626
15839,14.613482961378626
15840,14.613482961378626
15841,14.613482961378626
15842,14.613482961378626
15843,14.613482961378626
15844,14.613482961378626
15845,14.613482961378626
15846,14.613482961378626
15847,14.613482961378626
15848,14.613482961378626
15849,14.613482961378626
15850,14.613482961378626
15851,14.613482961378626
15852,14.613482961378626
15853,14.613482961378626
15854,14.613482961378626
15855,14.613482961378626
15856,14.613482961378626
15857,14.613482961378626
15858,14.613482961378626
15859,14.613482961378626
15860,14.613482961378626
15861,14.613482961378626
15862,14.613482961378626
15863,14.613482961378626
15864,14.613482961378626
15865,14.613482961378626
15866,14.613482961378626
15867,14.613482961378626
15868,14.613482961378626
15869,14.613482961378626
15870,14.613482961378626
15871,14.613482961378626
15872,14.613482961378626
15873,14.613482961378626
15874,14.613482961378626
15875,14.613482961378626
15876,14.613482961378626
15877,14.613482961378626
15878,14.613482961378626
15879,14.613482961378626
15880,14.613482961378626
15881,14.613482961378626
15882,14.613482961378626
15883,14.613482961378626
15884,14.613482961378626
15885,14.613482961378626
15886,14.613482961378626
15887,14.613482961378626
15888,14.613482961378626
15889,14.613482961378626
15890,14.613482961378626
15891,14.613482961378626
15892,14.613482961378626
15893,14.613482961378626
15894,14.613482961378626
15895,14.613482961378626
15896,14.613482961378626
15897,14.613482961378626
15898,14.613482961378626
15899,14.613482961378626
15900,14.613482961378626
15901,14.613482961378626
15902,14.613482961378626
15903,14.613482961378626
15904,14.613482961378626
15905,14.613482961378626
15906,14.613482961378626
15907,14.613482961378626
15908,14.613482961378626
15909,14.613482961378626
15910,14.613482961378626
15911,14.613482961378626
15912,14.613482961378626
15913,14.613482961378626
15914,14.613482961378626
15915,14.613482961378626
15916,14.613482961378626
15917,14.613482961378626
15918,14.613482961378626
15919,14.613482961378626
15920,14.613482961378626
15921,14.613482961378626
15922,14.613482961378626
15923,14.613482961378626
15924,14.613482961378626
15925,14.613482961378626
15926,14.613482961378626
15927,14.613482961378626
15928,14.613482961378626
15929,14.613482961378626
15930,14.613482961378626
15931,14.613482961378626
15932,14.613482961378626
15933,14.613482961378626
15934,14.613482961378626
15935,14.613482961378626
15936,14.613482961378626
15937,14.613482961378626
15938,14.613482961378626
15939,14.613482961378626
15940,14.613482961378626
15941,14.613482961378626
15942,14.613482961378626
15943,14.613482961378626
15944,14.613482961378626
15945,14.613482961378626
15946,14.613482961378626
15947,14.613482961378626
15948,14.613482961378626
15949,14.613482961378626
15950,14.613482961378626
15951,14.613482961378626
15952,14.613482961378626
15953,14.613482961378626
15954,14.613482961378626
15955,14.613482961378626
15956,14.613482961378626
15957,14.613482961378626
15958,14.613482961378626
15959,14.613482961378626
15960,14.613482961378626
15961,14.613482961378626
15962,14.613482961378626
15963,14.613482961378626
15964,14.613482961378626
15965,14.613482961378626
15966,14.613482961378626
15967,14.613482961378626
15968,14.613482961378626
15969,14.613482961378626
15970,14.613482961378626
15971,14.613482961378626
15972,14.613482961378626
15973,14.613482961378626
15974,14.613482961378626
15975,14.613482961378626
15976,14.613482961378626
15977,14.613482961378626
15978,14.613482961378626
15979,14.613482961378626
15980,14.613482961378626
15981,14.613482961378626
15982,14.613482961378626
15983,14.613482961378626
15984,14.613482961378626
15985,14.613482961378626
15986,14.613482961378626
15987,14.613482961378626
15988,14.613482961378626
15989,14.613482961378626
15990,14.613482961378626
15991,14.613482961378626
15992,14.613482961378626
15993,14.613482961378626
15994,14.613482961378626
15995,14.613482961378626
15996,14.613482961378626
15997,14.613482961378626
15998,14.613482961378626
15999,14.613482961378626
16000,14.613482961378626
16001,14.613482961378626
16002,14.613482961378626
16003,14.613482961378626
16004,14.613482961378626
16005,14.613482961378626
16006,14.613482961378626
16007,14.613482961378626
16008,14.613482961378626
16009,14.613482961378626
16010,14.613482961378626
16011,14.613482961378626
16012,14.613482961378626
16013,14.613482961378626
16014,14.613482961378626
16015,14.613482961378626
16016,14.613482961378626
16017,14.613482961378626
16018,14.613482961378626
16019,14.613482961378626
16020,14.613482961378626
16021,14.613482961378626
16022,14.613482961378626
16023,14.613482961378626
16024,14.613482961378626
16025,14.613482961378626
16026,14.613482961378626
16027,14.613482961378626
16028,14.613482961378626
16029,14.613482961378626
16030,14.613482961378626
16031,14.613482961378626
16032,14.613482961378626
16033,14.613482961378626
16034,14.613482961378626
16035,14.613482961378626
16036,14.613482961378626
16037,14.613482961378626
16038,14.613482961378626
16039,14.613482961378626
16040,14.613482961378626
16041,14.613482961378626
16042,14.613482961378626
16043,14.613482961378626
16044,14.613482961378626
16045,14.613482961378626
16046,14.613482961378626
16047,14.613482961378626
16048,14.613482961378626
16049,14.613482961378626
16050,14.613482961378626
16051,14.613482961378626
16052,14.613482961378626
16053,14.613482961378626
16054,14.613482961378626
16055,14.613482961378626
16056,14.613482961378626
16057,14.613482961378626
16058,14.613482961378626
16059,14.613482961378626
16060,14.613482961378626
16061,14.613482961378626
16062,14.613482961378626
16063,14.613482961378626
16064,14.613482961378626
16065,14.613482961378626
16066,14.613482961378626
16067,14.613482961378626
16068,14.613482961378626
16069,14.613482961378626
16070,14.613482961378626
16071,14.613482961378626
16072,14.613482961378626
16073,14.613482961378626
16074,14.613482961378626
16075,14.613482961378626
16076,14.613482961378626
16077,14.613482961378626
16078,14.613482961378626
16079,14.613482961378626
16080,14.613482961378626
16081,14.613482961378626
16082,14.613482961378626
16083,14.613482961378626
16084,14.613482961378626
16085,14.613482961378626
16086,14.613482961378626
16087,14.613482961378626
16088,14.613482961378626
16089,14.613482961378626
16090,14.613482961378626
16091,14.613482961378626
16092,14.613482961378626
16093,14.613482961378626
16094,14.613482961378626
16095,14.613482961378626
16096,14.613482961378626
16097,14.613482961378626
16098,14.613482961378626
16099,14.613482961378626
16100,14.613482961378626
16101,14.613482961378626
16102,14.613482961378626
16103,14.613482961378626
16104,14.613482961378626
16105,14.613482961378626
16106,14.613482961378626
16107,14.613482961378626
16108,14.613482961378626
16109,14.613482961378626
16110,14.613482961378626
16111,14.613482961378626
16112,14.613482961378626
16113,14.613482961378626
16114,14.613482961378626
16115,14.613482961378626
16116,14.613482961378626
16117,14.613482961378626
16118,14.613482961378626
16119,14.613482961378626
16120,14.613482961378626
16121,14.613482961378626
16122,14.613482961378626
16123,14.613482961378626
16124,14.613482961378626
16125,14.613482961378626
16126,14.613482961378626
16127,14.613482961378626
16128,14.613482961378626
16129,14.613482961378626
16130,14.613482961378626
16131,14.613482961378626
16132,14.613482961378626
16133,14.613482961378626
16134,14.613482961378626
16135,14.613482961378626
16136,14.613482961378626
16137,14.613482961378626
16138,14.613482961378626
16139,14.613482961378626
16140,14.613482961378626
16141,14.613482961378626
16142,14.613482961378626
16143,14.613482961378626
16144,14.613482961378626
16145,14.613482961378626
16146,14.613482961378626
16147,14.613482961378626
16148,14.613482961378626
16149,14.613482961378626
16150,14.613482961378626
16151,14.613482961378626
16152,14.613482961378626
16153,14.613482961378626
16154,14.613482961378626
16155,14.613482961378626
16156,14.613482961378626
16157,14.613482961378626
16158,14.613482961378626
16159,14.613482961378626
16160,14.613482961378626
16161,14.613482961378626
16162,14.613482961378626
16163,14.613482961378626
16164,14.613482961378626
16165,14.613482961378626
16166,14.613482961378626
16167,14.613482961378626
16168,14.613482961378626
16169,14.613482961378626
16170,14.613482961378626
16171,14.613482961378626
16172,14.613482961378626
16173,14.613482961378626
16174,14.613482961378626
16175,14.613482961378626
16176,14.613482961378626
16177,14.613482961378626
16178,14.613482961378626
16179,14.613482961378626
16180,14.613482961378626
16181,14.613482961378626
16182,14.613482961378626
16183,14.613482961378626
16184,14.613482961378626
16185,14.613482961378626
16186,14.613482961378626
16187,14.613482961378626
16188,14.613482961378626
16189,14.613482961378626
16190,14.613482961378626
16191,14.613482961378626
16192,14.613482961378626
16193,14.613482961378626
16194,14.613482961378626
16195,14.613482961378626
16196,14.613482961378626
16197,14.613482961378626
16198,14.613482961378626
16199,14.613482961378626
16200,14.613482961378626
16201,14.613482961378626
16202,14.613482961378626
16203,14.613482961378626
16204,14.613482961378626
16205,14.613482961378626
16206,14.613482961378626
16207,14.613482961378626
16208,14.613482961378626
16209,14.613482961378626
16210,14.613482961378626
16211,14.613482961378626
16212,14.613482961378626
16213,14.613482961378626
16214,14.613482961378626
16215,14.613482961378626
16216,14.613482961378626
16217,14.613482961378626
16218,14.613482961378626
16219,14.613482961378626
16220,14.613482961378626
16221,14.613482961378626
16222,14.613482961378626
16223,14.613482961378626
16224,14.613482961378626
16225,14.613482961378626
16226,14.613482961378626
16227,14.613482961378626
16228,14.613482961378626
16229,14.613482961378626
16230,14.613482961378626
16231,14.613482961378626
16232,14.613482961378626
16233,14.613482961378626
16234,14.613482961378626
16235,14.613482961378626
16236,14.613482961378626
16237,14.613482961378626
16238,14.613482961378626
16239,14.613482961378626
16240,14.613482961378626
16241,14.613482961378626
16242,14.613482961378626
16243,14.613482961378626
16244,14.613482961378626
16245,14.613482961378626
16246,14.613482961378626
16247,14.613482961378626
16248,14.613482961378626
16249,14.613482961378626
16250,14.613482961378626
16251,14.613482961378626
16252,14.613482961378626
16253,14.613482961378626
16254,14.613482961378626
16255,14.613482961378626
16256,14.613482961378626
16257,14.613482961378626
16258,14.613482961378626
16259,14.613482961378626
16260,14.613482961378626
16261,14.613482961378626
16262,14.613482961378626
16263,14.613482961378626
16264,14.613482961378626
16265,14.613482961378626
16266,14.613482961378626
16267,14.613482961378626
16268,14.613482961378626
16269,14.613482961378626
16270,14.613482961378626
16271,14.613482961378626
16272,14.613482961378626
16273,14.613482961378626
16274,14.613482961378626
16275,14.613482961378626
16276,14.613482961378626
16277,14.613482961378626
16278,14.613482961378626
16279,14.613482961378626
16280,14.613482961378626
16281,14.613482961378626
16282,14.613482961378626
16283,14.613482961378626
16284,14.613482961378626
16285,14.613482961378626
16286,14.613482961378626
16287,14.613482961378626
16288,14.613482961378626
16289,14.613482961378626
16290,14.613482961378626
16291,14.613482961378626
16292,14.613482961378626
16293,14.613482961378626
16294,14.613482961378626
16295,14.613482961378626
16296,14.613482961378626
16297,14.613482961378626
16298,14.613482961378626
16299,14.613482961378626
16300,14.613482961378626
16301,14.613482961378626
16302,14.613482961378626
16303,14.613482961378626
16304,14.613482961378626
16305,14.613482961378626
16306,14.613482961378626
16307,14.613482961378626
16308,14.613482961378626
16309,14.613482961378626
16310,14.613482961378626
16311,14.613482961378626
16312,14.613482961378626
16313,14.613482961378626
16314,14.613482961378626
16315,14.613482961378626
16316,14.613482961378626
16317,14.613482961378626
16318,14.613482961378626
16319,14.613482961378626
16320,14.613482961378626
16321,14.613482961378626
16322,14.613482961378626
16323,14.613482961378626
16324,14.613482961378626
16325,14.613482961378626
16326,14.613482961378626
16327,14.613482961378626
16328,14.613482961378626
16329,14.613482961378626
16330,14.613482961378626
16331,14.613482961378626
16332,14.613482961378626
16333,14.613482961378626
16334,14.613482961378626
16335,14.613482961378626
16336,14.613482961378626
16337,14.613482961378626
16338,14.613482961378626
16339,14.613482961378626
16340,14.613482961378626
16341,14.613482961378626
16342,14.613482961378626
16343,14.613482961378626
16344,14.613482961378626
16345,14.613482961378626
16346,14.613482961378626
16347,14.613482961378626
16348,14.613482961378626
16349,14.613482961378626
16350,14.613482961378626
16351,14.613482961378626
16352,14.613482961378626
16353,14.613482961378626
16354,14.613482961378626
16355,14.613482961378626
16356,14.613482961378626
16357,14.613482961378626
16358,14.613482961378626
16359,14.613482961378626
16360,14.613482961378626
16361,14.613482961378626
16362,14.613482961378626
16363,14.613482961378626
16364,14.613482961378626
16365,14.613482961378626
16366,14.613482961378626
16367,14.613482961378626
16368,14.613482961378626
16369,14.613482961378626
16370,14.613482961378626
16371,14.613482961378626
16372,14.613482961378626
16373,14.613482961378626
16374,14.613482961378626
16375,14.613482961378626
16376,14.613482961378626
16377,14.613482961378626
16378,14.613482961378626
16379,14.613482961378626
16380,14.613482961378626
16381,14.613482961378626
16382,14.613482961378626
16383,14.613482961378626
16384,14.613482961378626
16385,14.613482961378626
16386,14.613482961378626
16387,14.613482961378626
16388,14.613482961378626
16389,14.613482961378626
16390,14.613482961378626
16391,14.613482961378626
16392,14.613482961378626
16393,14.613482961378626
16394,14.613482961378626
16395,14.613482961378626
16396,14.613482961378626
16397,14.613482961378626
16398,14.613482961378626
16399,14.613482961378626
16400,14.613482961378626
16401,14.613482961378626
16402,14.613482961378626
16403,14.613482961378626
16404,14.613482961378626
16405,14.613482961378626
16406,14.613482961378626
16407,14.613482961378626
16408,14.613482961378626
16409,14.613482961378626
16410,14.613482961378626
16411,14.613482961378626
16412,14.613482961378626
16413,14.613482961378626
16414,14.613482961378626
16415,14.613482961378626
16416,14.613482961378626
16417,14.613482961378626
16418,14.613482961378626
16419,14.613482961378626
16420,14.613482961378626
16421,14.613482961378626
16422,14.613482961378626
16423,14.613482961378626
16424,14.613482961378626
16425,14.613482961378626
16426,14.613482961378626
16427,14.613482961378626
16428,14.613482961378626
16429,14.613482961378626
16430,14.613482961378626
16431,14.613482961378626
16432,14.613482961378626
16433,14.613482961378626
16434,14.613482961378626
16435,14.613482961378626
16436,14.613482961378626
16437,14.613482961378626
16438,14.613482961378626
16439,14.613482961378626
16440,14.613482961378626
16441,14.613482961378626
16442,14.613482961378626
16443,14.613482961378626
16444,14.613482961378626
16445,14.613482961378626
16446,14.613482961378626
16447,14.613482961378626
16448,14.613482961378626
16449,14.613482961378626
16450,14.613482961378626
16451,14.613482961378626
16452,14.613482961378626
16453,14.613482961378626
16454,14.613482961378626
16455,14.613482961378626
16456,14.613482961378626
16457,14.613482961378626
16458,14.613482961378626
16459,14.613482961378626
16460,14.613482961378626
16461,14.613482961378626
16462,14.613482961378626
16463,14.613482961378626
16464,14.613482961378626
16465,14.613482961378626
16466,14.613482961378626
16467,14.613482961378626
16468,14.613482961378626
16469,14.613482961378626
16470,14.613482961378626
16471,14.613482961378626
16472,14.613482961378626
16473,14.613482961378626
16474,14.613482961378626
16475,14.613482961378626
16476,14.613482961378626
16477,14.613482961378626
16478,14.613482961378626
16479,14.613482961378626
16480,14.613482961378626
16481,14.613482961378626
16482,14.613482961378626
16483,14.613482961378626
16484,14.613482961378626
16485,14.613482961378626
16486,14.613482961378626
16487,14.613482961378626
16488,14.613482961378626
16489,14.613482961378626
16490,14.613482961378626
16491,14.613482961378626
16492,14.613482961378626
16493,14.613482961378626
16494,14.613482961378626
16495,14.613482961378626
16496,14.613482961378626
16497,14.613482961378626
16498,14.613482961378626
16499,14.613482961378626
16500,14.613482961378626
16501,14.613482961378626
16502,14.613482961378626
16503,14.613482961378626
16504,14.613482961378626
16505,14.613482961378626
16506,14.613482961378626
16507,14.613482961378626
16508,14.613482961378626
16509,14.613482961378626
16510,14.613482961378626
16511,14.613482961378626
16512,14.613482961378626
16513,14.613482961378626
16514,14.613482961378626
16515,14.613482961378626
16516,14.613482961378626
16517,14.613482961378626
16518,14.613482961378626
16519,14.613482961378626
16520,14.613482961378626
16521,14.613482961378626
16522,14.613482961378626
16523,14.613482961378626
16524,14.613482961378626
16525,14.613482961378626
16526,14.613482961378626
16527,14.613482961378626
16528,14.613482961378626
16529,14.613482961378626
16530,14.613482961378626
16531,14.613482961378626
16532,14.613482961378626
16533,14.613482961378626
16534,14.613482961378626
16535,14.613482961378626
16536,14.613482961378626
16537,14.613482961378626
16538,14.613482961378626
16539,14.613482961378626
